VERTICES = 164
EDGES = 889
39 7
39 6
39 160
39 69
7 6
7 160
7 69
6 160
6 69
160 69
39 140
39 90
39 101
39 91
39 118
39 70
39 110
39 18
39 74
39 127
39 82
39 100
39 66
140 90
140 101
140 91
140 118
140 70
140 110
140 18
140 74
140 127
140 82
140 100
140 66
90 101
90 91
90 118
90 70
90 110
90 18
90 74
90 127
90 82
90 100
90 66
101 91
101 118
101 70
101 110
101 18
101 74
101 127
101 82
101 100
101 66
91 118
91 70
91 110
91 18
91 74
91 127
91 82
91 100
91 66
118 70
118 110
118 18
118 74
118 127
118 82
118 100
118 66
70 110
70 18
70 74
70 127
70 82
70 100
70 66
110 18
110 74
110 127
110 82
110 100
110 66
18 74
18 127
18 82
18 100
18 66
74 127
74 82
74 100
74 66
127 82
127 100
127 66
82 100
82 66
100 66
69 154
69 56
69 158
69 116
69 132
69 92
69 36
69 123
69 37
69 94
69 109
69 129
69 87
154 56
154 158
154 116
154 132
154 92
154 36
154 123
154 37
154 94
154 109
154 129
154 87
56 158
56 116
56 132
56 92
56 36
56 123
56 37
56 94
56 109
56 129
56 87
158 116
158 132
158 92
158 36
158 123
158 37
158 94
158 109
158 129
158 87
116 132
116 92
116 36
116 123
116 37
116 94
116 109
116 129
116 87
132 92
132 36
132 123
132 37
132 94
132 109
132 129
132 87
92 36
92 123
92 37
92 94
92 109
92 129
92 87
36 123
36 37
36 94
36 109
36 129
36 87
123 37
123 94
123 109
123 129
123 87
37 94
37 109
37 129
37 87
94 109
94 129
94 87
109 129
109 87
129 87
160 111
160 108
160 52
160 25
160 88
160 21
160 44
160 26
160 149
160 151
160 53
160 4
111 108
111 52
111 25
111 88
111 21
111 44
111 26
111 149
111 151
111 53
111 4
108 52
108 25
108 88
108 21
108 44
108 26
108 149
108 151
108 53
108 4
52 25
52 88
52 21
52 44
52 26
52 149
52 151
52 53
52 4
25 88
25 21
25 44
25 26
25 149
25 151
25 53
25 4
88 21
88 44
88 26
88 149
88 151
88 53
88 4
21 44
21 26
21 149
21 151
21 53
21 4
44 26
44 149
44 151
44 53
44 4
26 149
26 151
26 53
26 4
149 151
149 53
149 4
151 53
151 4
53 4
110 77
110 55
110 136
77 55
77 136
55 136
53 20
53 75
53 45
53 40
53 144
53 156
53 62
20 75
20 45
20 40
20 144
20 156
20 62
75 45
75 40
75 144
75 156
75 62
45 40
45 144
45 156
45 62
40 144
40 156
40 62
144 156
144 62
156 62
74 42
74 115
74 34
42 115
42 34
115 34
127 107
127 114
127 5
127 124
127 3
127 128
127 14
127 147
127 48
127 97
127 9
127 159
127 16
127 98
107 114
107 5
107 124
107 3
107 128
107 14
107 147
107 48
107 97
107 9
107 159
107 16
107 98
114 5
114 124
114 3
114 128
114 14
114 147
114 48
114 97
114 9
114 159
114 16
114 98
5 124
5 3
5 128
5 14
5 147
5 48
5 97
5 9
5 159
5 16
5 98
124 3
124 128
124 14
124 147
124 48
124 97
124 9
124 159
124 16
124 98
3 128
3 14
3 147
3 48
3 97
3 9
3 159
3 16
3 98
128 14
128 147
128 48
128 97
128 9
128 159
128 16
128 98
14 147
14 48
14 97
14 9
14 159
14 16
14 98
147 48
147 97
147 9
147 159
147 16
147 98
48 97
48 9
48 159
48 16
48 98
97 9
97 159
97 16
97 98
9 159
9 16
9 98
159 16
159 98
16 98
42 119
42 85
42 161
42 130
119 85
119 161
119 130
85 161
85 130
161 130
82 67
82 164
82 155
82 105
82 57
82 146
67 164
67 155
67 105
67 57
67 146
164 155
164 105
164 57
164 146
155 105
155 57
155 146
105 57
105 146
57 146
109 138
109 50
109 47
109 13
109 59
138 50
138 47
138 13
138 59
50 47
50 13
50 59
47 13
47 59
13 59
116 10
116 125
116 142
116 33
116 38
116 133
116 81
116 65
116 122
10 125
10 142
10 33
10 38
10 133
10 81
10 65
10 122
125 142
125 33
125 38
125 133
125 81
125 65
125 122
142 33
142 38
142 133
142 81
142 65
142 122
33 38
33 133
33 81
33 65
33 122
38 133
38 81
38 65
38 122
133 81
133 65
133 122
81 65
81 122
65 122
48 60
48 89
48 2
48 78
48 120
48 22
48 54
48 121
60 89
60 2
60 78
60 120
60 22
60 54
60 121
89 2
89 78
89 120
89 22
89 54
89 121
2 78
2 120
2 22
2 54
2 121
78 120
78 22
78 54
78 121
120 22
120 54
120 121
22 54
22 121
54 121
40 162
40 80
40 113
40 84
40 32
40 73
40 117
40 17
162 80
162 113
162 84
162 32
162 73
162 117
162 17
80 113
80 84
80 32
80 73
80 117
80 17
113 84
113 32
113 73
113 117
113 17
84 32
84 73
84 117
84 17
32 73
32 117
32 17
73 117
73 17
117 17
91 126
91 28
91 106
91 68
91 153
126 28
126 106
126 68
126 153
28 106
28 68
28 153
106 68
106 153
68 153
158 79
158 150
158 141
158 139
158 49
158 103
158 30
158 137
158 15
158 93
158 1
158 104
158 102
79 150
79 141
79 139
79 49
79 103
79 30
79 137
79 15
79 93
79 1
79 104
79 102
150 141
150 139
150 49
150 103
150 30
150 137
150 15
150 93
150 1
150 104
150 102
141 139
141 49
141 103
141 30
141 137
141 15
141 93
141 1
141 104
141 102
139 49
139 103
139 30
139 137
139 15
139 93
139 1
139 104
139 102
49 103
49 30
49 137
49 15
49 93
49 1
49 104
49 102
103 30
103 137
103 15
103 93
103 1
103 104
103 102
30 137
30 15
30 93
30 1
30 104
30 102
137 15
137 93
137 1
137 104
137 102
15 93
15 1
15 104
15 102
93 1
93 104
93 102
1 104
1 102
104 102
5 152
5 27
5 72
5 8
5 29
5 86
5 11
5 96
5 19
5 83
5 31
5 23
5 145
152 27
152 72
152 8
152 29
152 86
152 11
152 96
152 19
152 83
152 31
152 23
152 145
27 72
27 8
27 29
27 86
27 11
27 96
27 19
27 83
27 31
27 23
27 145
72 8
72 29
72 86
72 11
72 96
72 19
72 83
72 31
72 23
72 145
8 29
8 86
8 11
8 96
8 19
8 83
8 31
8 23
8 145
29 86
29 11
29 96
29 19
29 83
29 31
29 23
29 145
86 11
86 96
86 19
86 83
86 31
86 23
86 145
11 96
11 19
11 83
11 31
11 23
11 145
96 19
96 83
96 31
96 23
96 145
19 83
19 31
19 23
19 145
83 31
83 23
83 145
31 23
31 145
23 145
59 95
59 46
59 41
59 64
59 148
59 24
59 63
59 43
59 71
59 99
59 131
95 46
95 41
95 64
95 148
95 24
95 63
95 43
95 71
95 99
95 131
46 41
46 64
46 148
46 24
46 63
46 43
46 71
46 99
46 131
41 64
41 148
41 24
41 63
41 43
41 71
41 99
41 131
64 148
64 24
64 63
64 43
64 71
64 99
64 131
148 24
148 63
148 43
148 71
148 99
148 131
24 63
24 43
24 71
24 99
24 131
63 43
63 71
63 99
63 131
43 71
43 99
43 131
71 99
71 131
99 131
89 76
89 51
89 143
89 35
89 12
89 135
89 112
89 58
89 134
76 51
76 143
76 35
76 12
76 135
76 112
76 58
76 134
51 143
51 35
51 12
51 135
51 112
51 58
51 134
143 35
143 12
143 135
143 112
143 58
143 134
35 12
35 135
35 112
35 58
35 134
12 135
12 112
12 58
12 134
135 112
135 58
135 134
112 58
112 134
58 134
38 61
79 157
51 163
