VERTICES = 744
EDGES = 744
612 107
641 43
646 38
229 725
47 246
261 386
30 163
109 96
250 193
686 553
214 316
307 127
323 646
173 229
545 612
314 641
440 30
36 109
450 47
546 261
157 214
262 307
607 250
587 686
380 294
484 132
380 253
484 64
320 249
488 84
320 516
488 693
496 180
653 59
324 605
522 331
503 440
598 36
503 450
598 546
503 607
598 587
405 323
69 173
405 545
69 314
405 157
69 262
702 316
131 127
702 516
131 693
702 496
131 653
321 193
737 553
321 253
737 64
321 324
737 522
128 535
398 556
128 249
398 84
128 294
398 132
81 665
614 230
81 17
614 628
81 107
614 43
464 239
425 432
464 271
425 393
464 38
425 725
394 141
690 370
394 225
690 729
394 246
690 386
143 258
483 34
143 310
483 286
143 163
483 96
483 143
483 199
240 185
289 741
348 708
414 151
237 42
411 408
677 137
699 479
235 203
430 302
181 183
584 673
126 348
592 414
486 240
18 289
651 677
85 699
515 237
603 411
41 181
625 584
376 235
538 430
713 576
351 422
713 25
351 58
524 305
244 101
524 421
244 277
387 412
279 216
676 165
147 192
97 651
74 85
97 515
74 603
97 376
74 538
335 126
1 592
335 486
1 18
335 41
1 625
501 183
4 673
501 421
4 277
501 387
4 279
191 203
674 302
191 25
674 58
191 676
674 147
510 199
278 88
510 305
278 101
510 576
278 422
259 346
453 340
259 117
453 123
259 185
453 741
582 615
449 152
582 559
449 599
582 708
449 151
694 461
481 632
694 473
481 502
694 42
481 408
176 529
378 433
176 583
378 573
176 137
378 479
378 176
378 534
186 37
51 367
505 525
578 87
671 735
362 574
94 52
333 330
177 72
121 611
728 357
54 345
640 505
33 578
155 186
366 51
589 94
206 333
537 671
61 362
568 728
689 54
480 177
454 121
372 621
125 106
372 498
125 194
21 27
164 602
21 637
164 566
136 744
238 456
532 493
562 313
248 589
29 206
248 537
29 61
248 480
29 454
16 640
435 33
16 155
435 366
16 568
435 689
63 357
482 345
63 637
482 566
63 136
482 238
613 72
100 611
613 498
100 194
613 532
100 562
227 534
555 8
227 27
555 602
227 621
555 106
212 588
404 365
212 506
404 471
212 37
404 367
645 174
167 446
645 381
167 124
645 525
167 87
65 600
82 73
65 361
82 389
65 735
82 574
119 360
276 434
119 291
276 343
119 52
276 330
276 119
276 523
76 684
542 512
714 12
292 619
597 275
647 577
301 269
298 338
467 295
596 303
140 68
77 326
129 714
617 292
264 76
543 542
679 301
162 298
347 597
23 647
110 140
669 77
563 467
672 596
364 105
195 401
364 466
195 46
332 221
724 668
332 145
724 371
28 254
156 441
527 160
120 304
643 679
118 162
643 347
118 23
643 563
118 672
334 129
580 617
334 264
580 543
334 110
580 669
379 68
385 326
379 145
385 371
379 28
385 156
3 295
179 303
3 466
179 46
3 527
179 120
283 523
579 633
283 221
579 668
283 105
579 401
79 703
452 130
79 273
452 511
79 684
452 512
388 158
687 475
388 519
687 442
388 12
687 619
664 491
390 567
664 721
390 354
664 275
390 577
426 575
660 89
426 90
660 623
426 269
660 338
660 426
535 256
660 39
256 652
39 40
53 255
458 169
49 681
300 457
356 144
571 31
541 319
224 670
697 62
112 139
363 355
337 187
595 49
436 300
268 53
55 458
24 541
474 224
739 356
705 571
98 363
170 337
178 697
153 112
688 678
704 682
688 45
704 445
530 423
236 437
530 233
236 710
102 627
149 290
719 299
171 634
490 24
99 474
490 739
99 705
490 178
99 153
635 595
518 436
635 268
518 55
635 98
518 170
287 355
208 187
287 233
208 710
287 102
208 149
213 62
284 139
213 45
284 445
213 719
284 171
11 652
531 382
11 423
531 437
11 678
531 682
533 609
495 564
533 654
495 198
533 255
495 169
732 285
247 706
732 32
247 730
732 681
247 457
210 427
692 540
210 413
692 717
210 144
692 31
274 86
66 15
274 509
66 548
274 319
66 670
66 274
66 709
375 636
104 691
211 700
242 734
175 477
431 219
339 536
217 122
416 648
159 629
265 521
585 234
581 211
727 242
683 375
57 104
520 339
308 217
460 175
209 431
476 265
429 585
205 416
447 159
108 593
733 103
108 22
733 513
383 154
377 111
383 507
377 71
639 172
318 241
280 251
272 207
722 520
409 308
722 460
409 209
722 205
409 447
547 581
344 727
547 683
344 57
547 476
344 429
189 521
296 234
189 507
296 71
189 639
296 318
395 648
557 629
395 22
557 513
395 280
557 272
342 709
539 624
342 154
539 111
342 593
539 103
369 406
631 374
369 470
631 60
369 636
631 691
223 293
399 220
223 504
399 489
223 700
399 734
80 328
663 472
80 134
663 420
80 477
663 219
50 465
67 711
50 391
67 329
50 536
67 122
67 50
67 451
610 448
257 701
657 133
161 13
311 698
661 142
92 707
336 114
35 2
200 620
499 459
569 428
384 657
550 161
341 610
312 257
417 92
373 336
315 311
675 661
667 499
622 569
626 35
20 200
83 606
297 116
83 601
297 95
526 222
75 282
526 680
75 70
642 322
245 243
586 9
604 590
554 417
7 373
554 315
7 675
554 626
7 20
202 384
232 550
202 341
232 312
202 667
232 622
215 459
368 428
215 680
368 70
215 642
368 245
500 2
469 620
500 601
469 95
500 586
469 604
485 451
736 696
485 222
736 282
485 606
736 116
78 594
166 514
78 659
166 478
78 448
166 701
115 487
56 48
115 723
56 407
115 133
56 13
558 726
226 352
558 424
226 715
558 698
226 142
438 19
392 650
438 288
392 146
438 707
392 114
392 438
392 418
572 6
618 591
468 148
14 26
10 317
281 444
560 349
93 712
497 630
649 403
666 549
309 738
402 468
270 14
644 572
494 618
260 560
353 93
113 10
397 281
327 666
685 309
658 497
565 649
231 410
616 325
231 267
616 415
419 188
218 135
419 204
218 197
228 742
718 455
551 252
201 656
168 260
396 353
168 113
396 397
168 658
396 565
740 402
544 270
740 644
544 494
740 327
544 685
358 549
463 738
358 204
463 197
358 228
463 718
91 630
552 403
91 267
552 415
91 551
552 201
196 418
263 306
196 188
263 135
196 410
263 325
508 439
443 400
508 462
443 638
508 6
443 591
731 138
350 517
731 359
350 492
731 148
350 26
570 266
184 528
570 190
184 150
570 317
184 444
44 608
40 182
44 716
40 561
44 349
40 712
40 44
495 5
246 655
530 662
587 720
716 695
219 743
