VERTICES = 107
EDGES = 4955
73 83
73 79
73 75
73 56
73 44
73 18
73 8
73 39
73 67
73 35
73 13
73 48
73 25
73 29
73 85
73 60
73 101
73 82
73 74
73 66
73 37
73 84
73 23
73 96
73 26
73 54
73 20
73 107
73 41
73 31
73 45
73 16
73 49
73 33
73 11
73 55
73 32
73 71
73 69
73 100
73 14
73 10
73 5
73 94
73 9
73 2
73 70
73 95
73 3
73 58
73 88
73 30
73 72
73 51
73 34
73 24
73 86
73 59
73 76
73 91
73 36
73 62
73 46
73 22
73 43
73 89
73 78
73 61
73 92
73 12
73 64
73 93
73 47
73 97
73 105
73 80
73 103
73 6
73 50
73 40
73 7
73 53
73 28
73 98
73 52
73 38
73 57
73 4
73 102
73 68
73 63
73 1
73 19
73 21
73 42
73 90
73 81
73 17
73 27
83 79
83 75
83 56
83 44
83 18
83 8
83 39
83 67
83 35
83 13
83 48
83 25
83 29
83 85
83 60
83 101
83 82
83 74
83 66
83 37
83 84
83 23
83 96
83 26
83 54
83 20
83 107
83 41
83 31
83 45
83 16
83 49
83 33
83 11
83 55
83 32
83 71
83 69
83 100
83 14
83 10
83 5
83 94
83 9
83 2
83 70
83 95
83 3
83 58
83 88
83 30
83 72
83 51
83 34
83 24
83 86
83 59
83 76
83 91
83 36
83 62
83 46
83 22
83 43
83 89
83 78
83 61
83 92
83 12
83 64
83 93
83 47
83 97
83 105
83 80
83 103
83 6
83 50
83 40
83 7
83 53
83 28
83 98
83 52
83 38
83 57
83 4
83 102
83 68
83 63
83 1
83 19
83 21
83 42
83 90
83 81
83 17
83 27
79 75
79 56
79 44
79 18
79 8
79 39
79 67
79 35
79 13
79 48
79 25
79 29
79 85
79 60
79 101
79 82
79 74
79 66
79 37
79 84
79 23
79 96
79 26
79 54
79 20
79 107
79 41
79 31
79 45
79 16
79 49
79 33
79 11
79 55
79 32
79 71
79 69
79 100
79 14
79 10
79 5
79 94
79 9
79 2
79 70
79 95
79 3
79 58
79 88
79 30
79 72
79 51
79 34
79 24
79 86
79 59
79 76
79 91
79 36
79 62
79 46
79 22
79 43
79 89
79 78
79 61
79 92
79 12
79 64
79 93
79 47
79 97
79 105
79 80
79 103
79 6
79 50
79 40
79 7
79 53
79 28
79 98
79 52
79 38
79 57
79 4
79 102
79 68
79 63
79 1
79 19
79 21
79 42
79 90
79 81
79 17
79 27
75 56
75 44
75 18
75 8
75 39
75 67
75 35
75 13
75 48
75 25
75 29
75 85
75 60
75 101
75 82
75 74
75 66
75 37
75 84
75 23
75 96
75 26
75 54
75 20
75 107
75 41
75 31
75 45
75 16
75 49
75 33
75 11
75 55
75 32
75 71
75 69
75 100
75 14
75 10
75 5
75 94
75 9
75 2
75 70
75 95
75 3
75 58
75 88
75 30
75 72
75 51
75 34
75 24
75 86
75 59
75 76
75 91
75 36
75 62
75 46
75 22
75 43
75 89
75 78
75 61
75 92
75 12
75 64
75 93
75 47
75 97
75 105
75 80
75 103
75 6
75 50
75 40
75 7
75 53
75 28
75 98
75 52
75 38
75 57
75 4
75 102
75 68
75 63
75 1
75 19
75 21
75 42
75 90
75 81
75 17
75 27
56 44
56 18
56 8
56 39
56 67
56 35
56 13
56 48
56 25
56 29
56 85
56 60
56 101
56 82
56 74
56 66
56 37
56 84
56 23
56 96
56 26
56 54
56 20
56 107
56 41
56 31
56 45
56 16
56 49
56 33
56 11
56 55
56 32
56 71
56 69
56 100
56 14
56 10
56 5
56 94
56 9
56 2
56 70
56 95
56 3
56 58
56 88
56 30
56 72
56 51
56 34
56 24
56 86
56 59
56 76
56 91
56 36
56 62
56 46
56 22
56 43
56 89
56 78
56 61
56 92
56 12
56 64
56 93
56 47
56 97
56 105
56 80
56 103
56 6
56 50
56 40
56 7
56 53
56 28
56 98
56 52
56 38
56 57
56 4
56 102
56 68
56 63
56 1
56 19
56 21
56 42
56 90
56 81
56 17
56 27
44 18
44 8
44 39
44 67
44 35
44 13
44 48
44 25
44 29
44 85
44 60
44 101
44 82
44 74
44 66
44 37
44 84
44 23
44 96
44 26
44 54
44 20
44 107
44 41
44 31
44 45
44 16
44 49
44 33
44 11
44 55
44 32
44 71
44 69
44 100
44 14
44 10
44 5
44 94
44 9
44 2
44 70
44 95
44 3
44 58
44 88
44 30
44 72
44 51
44 34
44 24
44 86
44 59
44 76
44 91
44 36
44 62
44 46
44 22
44 43
44 89
44 78
44 61
44 92
44 12
44 64
44 93
44 47
44 97
44 105
44 80
44 103
44 6
44 50
44 40
44 7
44 53
44 28
44 98
44 52
44 38
44 57
44 4
44 102
44 68
44 63
44 1
44 19
44 21
44 42
44 90
44 81
44 17
44 27
18 8
18 39
18 67
18 35
18 13
18 48
18 25
18 29
18 85
18 60
18 101
18 82
18 74
18 66
18 37
18 84
18 23
18 96
18 26
18 54
18 20
18 107
18 41
18 31
18 45
18 16
18 49
18 33
18 11
18 55
18 32
18 71
18 69
18 100
18 14
18 10
18 5
18 94
18 9
18 2
18 70
18 95
18 3
18 58
18 88
18 30
18 72
18 51
18 34
18 24
18 86
18 59
18 76
18 91
18 36
18 62
18 46
18 22
18 43
18 89
18 78
18 61
18 92
18 12
18 64
18 93
18 47
18 97
18 105
18 80
18 103
18 6
18 50
18 40
18 7
18 53
18 28
18 98
18 52
18 38
18 57
18 4
18 102
18 68
18 63
18 1
18 19
18 21
18 42
18 90
18 81
18 17
18 27
8 39
8 67
8 35
8 13
8 48
8 25
8 29
8 85
8 60
8 101
8 82
8 74
8 66
8 37
8 84
8 23
8 96
8 26
8 54
8 20
8 107
8 41
8 31
8 45
8 16
8 49
8 33
8 11
8 55
8 32
8 71
8 69
8 100
8 14
8 10
8 5
8 94
8 9
8 2
8 70
8 95
8 3
8 58
8 88
8 30
8 72
8 51
8 34
8 24
8 86
8 59
8 76
8 91
8 36
8 62
8 46
8 22
8 43
8 89
8 78
8 61
8 92
8 12
8 64
8 93
8 47
8 97
8 105
8 80
8 103
8 6
8 50
8 40
8 7
8 53
8 28
8 98
8 52
8 38
8 57
8 4
8 102
8 68
8 63
8 1
8 19
8 21
8 42
8 90
8 81
8 17
8 27
39 67
39 35
39 13
39 48
39 25
39 29
39 85
39 60
39 101
39 82
39 74
39 66
39 37
39 84
39 23
39 96
39 26
39 54
39 20
39 107
39 41
39 31
39 45
39 16
39 49
39 33
39 11
39 55
39 32
39 71
39 69
39 100
39 14
39 10
39 5
39 94
39 9
39 2
39 70
39 95
39 3
39 58
39 88
39 30
39 72
39 51
39 34
39 24
39 86
39 59
39 76
39 91
39 36
39 62
39 46
39 22
39 43
39 89
39 78
39 61
39 92
39 12
39 64
39 93
39 47
39 97
39 105
39 80
39 103
39 6
39 50
39 40
39 7
39 53
39 28
39 98
39 52
39 38
39 57
39 4
39 102
39 68
39 63
39 1
39 19
39 21
39 42
39 90
39 81
39 17
39 27
67 35
67 13
67 48
67 25
67 29
67 85
67 60
67 101
67 82
67 74
67 66
67 37
67 84
67 23
67 96
67 26
67 54
67 20
67 107
67 41
67 31
67 45
67 16
67 49
67 33
67 11
67 55
67 32
67 71
67 69
67 100
67 14
67 10
67 5
67 94
67 9
67 2
67 70
67 95
67 3
67 58
67 88
67 30
67 72
67 51
67 34
67 24
67 86
67 59
67 76
67 91
67 36
67 62
67 46
67 22
67 43
67 89
67 78
67 61
67 92
67 12
67 64
67 93
67 47
67 97
67 105
67 80
67 103
67 6
67 50
67 40
67 7
67 53
67 28
67 98
67 52
67 38
67 57
67 4
67 102
67 68
67 63
67 1
67 19
67 21
67 42
67 90
67 81
67 17
67 27
35 13
35 48
35 25
35 29
35 85
35 60
35 101
35 82
35 74
35 66
35 37
35 84
35 23
35 96
35 26
35 54
35 20
35 107
35 41
35 31
35 45
35 16
35 49
35 33
35 11
35 55
35 32
35 71
35 69
35 100
35 14
35 10
35 5
35 94
35 9
35 2
35 70
35 95
35 3
35 58
35 88
35 30
35 72
35 51
35 34
35 24
35 86
35 59
35 76
35 91
35 36
35 62
35 46
35 22
35 43
35 89
35 78
35 61
35 92
35 12
35 64
35 93
35 47
35 97
35 105
35 80
35 103
35 6
35 50
35 40
35 7
35 53
35 28
35 98
35 52
35 38
35 57
35 4
35 102
35 68
35 63
35 1
35 19
35 21
35 42
35 90
35 81
35 17
35 27
13 48
13 25
13 29
13 85
13 60
13 101
13 82
13 74
13 66
13 37
13 84
13 23
13 96
13 26
13 54
13 20
13 107
13 41
13 31
13 45
13 16
13 49
13 33
13 11
13 55
13 32
13 71
13 69
13 100
13 14
13 10
13 5
13 94
13 9
13 2
13 70
13 95
13 3
13 58
13 88
13 30
13 72
13 51
13 34
13 24
13 86
13 59
13 76
13 91
13 36
13 62
13 46
13 22
13 43
13 89
13 78
13 61
13 92
13 12
13 64
13 93
13 47
13 97
13 105
13 80
13 103
13 6
13 50
13 40
13 7
13 53
13 28
13 98
13 52
13 38
13 57
13 4
13 102
13 68
13 63
13 1
13 19
13 21
13 42
13 90
13 81
13 17
13 27
48 25
48 29
48 85
48 60
48 101
48 82
48 74
48 66
48 37
48 84
48 23
48 96
48 26
48 54
48 20
48 107
48 41
48 31
48 45
48 16
48 49
48 33
48 11
48 55
48 32
48 71
48 69
48 100
48 14
48 10
48 5
48 94
48 9
48 2
48 70
48 95
48 3
48 58
48 88
48 30
48 72
48 51
48 34
48 24
48 86
48 59
48 76
48 91
48 36
48 62
48 46
48 22
48 43
48 89
48 78
48 61
48 92
48 12
48 64
48 93
48 47
48 97
48 105
48 80
48 103
48 6
48 50
48 40
48 7
48 53
48 28
48 98
48 52
48 38
48 57
48 4
48 102
48 68
48 63
48 1
48 19
48 21
48 42
48 90
48 81
48 17
48 27
25 29
25 85
25 60
25 101
25 82
25 74
25 66
25 37
25 84
25 23
25 96
25 26
25 54
25 20
25 107
25 41
25 31
25 45
25 16
25 49
25 33
25 11
25 55
25 32
25 71
25 69
25 100
25 14
25 10
25 5
25 94
25 9
25 2
25 70
25 95
25 3
25 58
25 88
25 30
25 72
25 51
25 34
25 24
25 86
25 59
25 76
25 91
25 36
25 62
25 46
25 22
25 43
25 89
25 78
25 61
25 92
25 12
25 64
25 93
25 47
25 97
25 105
25 80
25 103
25 6
25 50
25 40
25 7
25 53
25 28
25 98
25 52
25 38
25 57
25 4
25 102
25 68
25 63
25 1
25 19
25 21
25 42
25 90
25 81
25 17
25 27
29 85
29 60
29 101
29 82
29 74
29 66
29 37
29 84
29 23
29 96
29 26
29 54
29 20
29 107
29 41
29 31
29 45
29 16
29 49
29 33
29 11
29 55
29 32
29 71
29 69
29 100
29 14
29 10
29 5
29 94
29 9
29 2
29 70
29 95
29 3
29 58
29 88
29 30
29 72
29 51
29 34
29 24
29 86
29 59
29 76
29 91
29 36
29 62
29 46
29 22
29 43
29 89
29 78
29 61
29 92
29 12
29 64
29 93
29 47
29 97
29 105
29 80
29 103
29 6
29 50
29 40
29 7
29 53
29 28
29 98
29 52
29 38
29 57
29 4
29 102
29 68
29 63
29 1
29 19
29 21
29 42
29 90
29 81
29 17
29 27
85 60
85 101
85 82
85 74
85 66
85 37
85 84
85 23
85 96
85 26
85 54
85 20
85 107
85 41
85 31
85 45
85 16
85 49
85 33
85 11
85 55
85 32
85 71
85 69
85 100
85 14
85 10
85 5
85 94
85 9
85 2
85 70
85 95
85 3
85 58
85 88
85 30
85 72
85 51
85 34
85 24
85 86
85 59
85 76
85 91
85 36
85 62
85 46
85 22
85 43
85 89
85 78
85 61
85 92
85 12
85 64
85 93
85 47
85 97
85 105
85 80
85 103
85 6
85 50
85 40
85 7
85 53
85 28
85 98
85 52
85 38
85 57
85 4
85 102
85 68
85 63
85 1
85 19
85 21
85 42
85 90
85 81
85 17
85 27
60 101
60 82
60 74
60 66
60 37
60 84
60 23
60 96
60 26
60 54
60 20
60 107
60 41
60 31
60 45
60 16
60 49
60 33
60 11
60 55
60 32
60 71
60 69
60 100
60 14
60 10
60 5
60 94
60 9
60 2
60 70
60 95
60 3
60 58
60 88
60 30
60 72
60 51
60 34
60 24
60 86
60 59
60 76
60 91
60 36
60 62
60 46
60 22
60 43
60 89
60 78
60 61
60 92
60 12
60 64
60 93
60 47
60 97
60 105
60 80
60 103
60 6
60 50
60 40
60 7
60 53
60 28
60 98
60 52
60 38
60 57
60 4
60 102
60 68
60 63
60 1
60 19
60 21
60 42
60 90
60 81
60 17
60 27
101 82
101 74
101 66
101 37
101 84
101 23
101 96
101 26
101 54
101 20
101 107
101 41
101 31
101 45
101 16
101 49
101 33
101 11
101 55
101 32
101 71
101 69
101 100
101 14
101 10
101 5
101 94
101 9
101 2
101 70
101 95
101 3
101 58
101 88
101 30
101 72
101 51
101 34
101 24
101 86
101 59
101 76
101 91
101 36
101 62
101 46
101 22
101 43
101 89
101 78
101 61
101 92
101 12
101 64
101 93
101 47
101 97
101 105
101 80
101 103
101 6
101 50
101 40
101 7
101 53
101 28
101 98
101 52
101 38
101 57
101 4
101 102
101 68
101 63
101 1
101 19
101 21
101 42
101 90
101 81
101 17
101 27
82 74
82 66
82 37
82 84
82 23
82 96
82 26
82 54
82 20
82 107
82 41
82 31
82 45
82 16
82 49
82 33
82 11
82 55
82 32
82 71
82 69
82 100
82 14
82 10
82 5
82 94
82 9
82 2
82 70
82 95
82 3
82 58
82 88
82 30
82 72
82 51
82 34
82 24
82 86
82 59
82 76
82 91
82 36
82 62
82 46
82 22
82 43
82 89
82 78
82 61
82 92
82 12
82 64
82 93
82 47
82 97
82 105
82 80
82 103
82 6
82 50
82 40
82 7
82 53
82 28
82 98
82 52
82 38
82 57
82 4
82 102
82 68
82 63
82 1
82 19
82 21
82 42
82 90
82 81
82 17
82 27
74 66
74 37
74 84
74 23
74 96
74 26
74 54
74 20
74 107
74 41
74 31
74 45
74 16
74 49
74 33
74 11
74 55
74 32
74 71
74 69
74 100
74 14
74 10
74 5
74 94
74 9
74 2
74 70
74 95
74 3
74 58
74 88
74 30
74 72
74 51
74 34
74 24
74 86
74 59
74 76
74 91
74 36
74 62
74 46
74 22
74 43
74 89
74 78
74 61
74 92
74 12
74 64
74 93
74 47
74 97
74 105
74 80
74 103
74 6
74 50
74 40
74 7
74 53
74 28
74 98
74 52
74 38
74 57
74 4
74 102
74 68
74 63
74 1
74 19
74 21
74 42
74 90
74 81
74 17
74 27
66 37
66 84
66 23
66 96
66 26
66 54
66 20
66 107
66 41
66 31
66 45
66 16
66 49
66 33
66 11
66 55
66 32
66 71
66 69
66 100
66 14
66 10
66 5
66 94
66 9
66 2
66 70
66 95
66 3
66 58
66 88
66 30
66 72
66 51
66 34
66 24
66 86
66 59
66 76
66 91
66 36
66 62
66 46
66 22
66 43
66 89
66 78
66 61
66 92
66 12
66 64
66 93
66 47
66 97
66 105
66 80
66 103
66 6
66 50
66 40
66 7
66 53
66 28
66 98
66 52
66 38
66 57
66 4
66 102
66 68
66 63
66 1
66 19
66 21
66 42
66 90
66 81
66 17
66 27
37 84
37 23
37 96
37 26
37 54
37 20
37 107
37 41
37 31
37 45
37 16
37 49
37 33
37 11
37 55
37 32
37 71
37 69
37 100
37 14
37 10
37 5
37 94
37 9
37 2
37 70
37 95
37 3
37 58
37 88
37 30
37 72
37 51
37 34
37 24
37 86
37 59
37 76
37 91
37 36
37 62
37 46
37 22
37 43
37 89
37 78
37 61
37 92
37 12
37 64
37 93
37 47
37 97
37 105
37 80
37 103
37 6
37 50
37 40
37 7
37 53
37 28
37 98
37 52
37 38
37 57
37 4
37 102
37 68
37 63
37 1
37 19
37 21
37 42
37 90
37 81
37 17
37 27
84 23
84 96
84 26
84 54
84 20
84 107
84 41
84 31
84 45
84 16
84 49
84 33
84 11
84 55
84 32
84 71
84 69
84 100
84 14
84 10
84 5
84 94
84 9
84 2
84 70
84 95
84 3
84 58
84 88
84 30
84 72
84 51
84 34
84 24
84 86
84 59
84 76
84 91
84 36
84 62
84 46
84 22
84 43
84 89
84 78
84 61
84 92
84 12
84 64
84 93
84 47
84 97
84 105
84 80
84 103
84 6
84 50
84 40
84 7
84 53
84 28
84 98
84 52
84 38
84 57
84 4
84 102
84 68
84 63
84 1
84 19
84 21
84 42
84 90
84 81
84 17
84 27
23 96
23 26
23 54
23 20
23 107
23 41
23 31
23 45
23 16
23 49
23 33
23 11
23 55
23 32
23 71
23 69
23 100
23 14
23 10
23 5
23 94
23 9
23 2
23 70
23 95
23 3
23 58
23 88
23 30
23 72
23 51
23 34
23 24
23 86
23 59
23 76
23 91
23 36
23 62
23 46
23 22
23 43
23 89
23 78
23 61
23 92
23 12
23 64
23 93
23 47
23 97
23 105
23 80
23 103
23 6
23 50
23 40
23 7
23 53
23 28
23 98
23 52
23 38
23 57
23 4
23 102
23 68
23 63
23 1
23 19
23 21
23 42
23 90
23 81
23 17
23 27
96 26
96 54
96 20
96 107
96 41
96 31
96 45
96 16
96 49
96 33
96 11
96 55
96 32
96 71
96 69
96 100
96 14
96 10
96 5
96 94
96 9
96 2
96 70
96 95
96 3
96 58
96 88
96 30
96 72
96 51
96 34
96 24
96 86
96 59
96 76
96 91
96 36
96 62
96 46
96 22
96 43
96 89
96 78
96 61
96 92
96 12
96 64
96 93
96 47
96 97
96 105
96 80
96 103
96 6
96 50
96 40
96 7
96 53
96 28
96 98
96 52
96 38
96 57
96 4
96 102
96 68
96 63
96 1
96 19
96 21
96 42
96 90
96 81
96 17
96 27
26 54
26 20
26 107
26 41
26 31
26 45
26 16
26 49
26 33
26 11
26 55
26 32
26 71
26 69
26 100
26 14
26 10
26 5
26 94
26 9
26 2
26 70
26 95
26 3
26 58
26 88
26 30
26 72
26 51
26 34
26 24
26 86
26 59
26 76
26 91
26 36
26 62
26 46
26 22
26 43
26 89
26 78
26 61
26 92
26 12
26 64
26 93
26 47
26 97
26 105
26 80
26 103
26 6
26 50
26 40
26 7
26 53
26 28
26 98
26 52
26 38
26 57
26 4
26 102
26 68
26 63
26 1
26 19
26 21
26 42
26 90
26 81
26 17
26 27
54 20
54 107
54 41
54 31
54 45
54 16
54 49
54 33
54 11
54 55
54 32
54 71
54 69
54 100
54 14
54 10
54 5
54 94
54 9
54 2
54 70
54 95
54 3
54 58
54 88
54 30
54 72
54 51
54 34
54 24
54 86
54 59
54 76
54 91
54 36
54 62
54 46
54 22
54 43
54 89
54 78
54 61
54 92
54 12
54 64
54 93
54 47
54 97
54 105
54 80
54 103
54 6
54 50
54 40
54 7
54 53
54 28
54 98
54 52
54 38
54 57
54 4
54 102
54 68
54 63
54 1
54 19
54 21
54 42
54 90
54 81
54 17
54 27
20 107
20 41
20 31
20 45
20 16
20 49
20 33
20 55
20 32
20 71
20 69
20 100
20 14
20 10
20 5
20 94
20 9
20 2
20 70
20 95
20 3
20 58
20 88
20 30
20 72
20 51
20 34
20 24
20 86
20 59
20 76
20 91
20 36
20 62
20 46
20 22
20 43
20 89
20 78
20 61
20 92
20 12
20 64
20 93
20 47
20 97
20 105
20 80
20 103
20 6
20 50
20 40
20 7
20 53
20 28
20 98
20 52
20 38
20 57
20 4
20 102
20 68
20 63
20 1
20 19
20 21
20 42
20 90
20 81
20 17
20 27
107 41
107 31
107 45
107 16
107 49
107 33
107 11
107 55
107 32
107 71
107 69
107 100
107 14
107 10
107 5
107 94
107 9
107 2
107 70
107 95
107 3
107 58
107 88
107 30
107 72
107 51
107 34
107 24
107 86
107 59
107 76
107 91
107 36
107 62
107 46
107 22
107 43
107 89
107 78
107 61
107 92
107 12
107 64
107 93
107 47
107 97
107 105
107 80
107 103
107 6
107 50
107 40
107 7
107 53
107 28
107 98
107 52
107 38
107 57
107 4
107 102
107 68
107 63
107 1
107 19
107 21
107 42
107 90
107 81
107 17
107 27
41 31
41 45
41 16
41 49
41 33
41 11
41 55
41 32
41 71
41 69
41 100
41 14
41 10
41 5
41 94
41 9
41 2
41 70
41 95
41 3
41 58
41 88
41 30
41 72
41 51
41 34
41 24
41 86
41 59
41 76
41 91
41 36
41 62
41 46
41 22
41 43
41 89
41 78
41 61
41 92
41 12
41 64
41 93
41 47
41 97
41 105
41 80
41 103
41 6
41 50
41 40
41 7
41 53
41 28
41 98
41 52
41 38
41 57
41 4
41 102
41 68
41 63
41 1
41 19
41 21
41 42
41 90
41 81
41 17
41 27
31 45
31 16
31 49
31 33
31 11
31 55
31 32
31 71
31 69
31 100
31 14
31 10
31 5
31 94
31 9
31 2
31 70
31 95
31 3
31 58
31 88
31 30
31 72
31 51
31 34
31 24
31 86
31 59
31 76
31 91
31 36
31 62
31 46
31 22
31 43
31 89
31 78
31 61
31 92
31 12
31 64
31 93
31 47
31 97
31 105
31 80
31 103
31 6
31 50
31 40
31 7
31 53
31 28
31 98
31 52
31 38
31 57
31 4
31 102
31 68
31 63
31 1
31 19
31 21
31 42
31 90
31 81
31 17
31 27
45 16
45 49
45 33
45 11
45 55
45 32
45 71
45 69
45 100
45 14
45 10
45 5
45 94
45 9
45 2
45 70
45 95
45 3
45 58
45 88
45 30
45 72
45 51
45 34
45 24
45 86
45 59
45 76
45 91
45 36
45 62
45 46
45 22
45 43
45 89
45 78
45 61
45 92
45 12
45 64
45 93
45 47
45 97
45 105
45 80
45 103
45 6
45 50
45 40
45 7
45 53
45 28
45 98
45 52
45 38
45 57
45 4
45 102
45 68
45 63
45 1
45 19
45 21
45 42
45 90
45 81
45 17
45 27
16 49
16 33
16 11
16 55
16 32
16 71
16 69
16 100
16 14
16 10
16 5
16 94
16 9
16 2
16 70
16 95
16 3
16 58
16 88
16 30
16 72
16 51
16 34
16 24
16 86
16 59
16 76
16 91
16 36
16 62
16 46
16 22
16 43
16 89
16 78
16 61
16 92
16 12
16 64
16 93
16 47
16 97
16 105
16 80
16 103
16 6
16 50
16 40
16 7
16 53
16 28
16 98
16 52
16 38
16 57
16 4
16 102
16 68
16 63
16 1
16 19
16 21
16 42
16 90
16 81
16 17
16 27
49 33
49 11
49 55
49 32
49 71
49 69
49 100
49 14
49 10
49 5
49 94
49 9
49 2
49 70
49 95
49 3
49 58
49 88
49 30
49 72
49 51
49 34
49 24
49 86
49 59
49 76
49 91
49 36
49 62
49 46
49 22
49 43
49 89
49 78
49 61
49 92
49 12
49 64
49 93
49 47
49 97
49 105
49 80
49 103
49 6
49 50
49 40
49 7
49 53
49 28
49 98
49 52
49 38
49 57
49 4
49 102
49 68
49 63
49 1
49 19
49 21
49 42
49 90
49 81
49 17
49 27
33 11
33 55
33 32
33 71
33 69
33 100
33 14
33 10
33 5
33 94
33 9
33 2
33 70
33 95
33 3
33 58
33 88
33 30
33 72
33 51
33 34
33 24
33 86
33 59
33 76
33 91
33 36
33 62
33 46
33 22
33 43
33 89
33 78
33 61
33 92
33 12
33 64
33 93
33 47
33 97
33 105
33 80
33 103
33 6
33 50
33 40
33 7
33 53
33 28
33 98
33 52
33 38
33 57
33 4
33 102
33 68
33 63
33 1
33 19
33 21
33 42
33 90
33 81
33 17
33 27
11 55
11 32
11 71
11 69
11 100
11 14
11 10
11 5
11 94
11 9
11 2
11 70
11 95
11 3
11 58
11 88
11 30
11 72
11 51
11 34
11 24
11 86
11 59
11 76
11 91
11 36
11 62
11 46
11 22
11 43
11 89
11 78
11 61
11 92
11 12
11 64
11 93
11 47
11 97
11 105
11 80
11 103
11 6
11 50
11 40
11 7
11 53
11 28
11 98
11 52
11 38
11 57
11 4
11 102
11 68
11 63
11 1
11 19
11 21
11 42
11 90
11 81
11 17
11 27
55 32
55 71
55 69
55 100
55 14
55 10
55 5
55 94
55 9
55 2
55 70
55 95
55 3
55 58
55 88
55 30
55 72
55 51
55 34
55 24
55 86
55 59
55 76
55 91
55 36
55 62
55 46
55 22
55 43
55 89
55 78
55 61
55 92
55 12
55 64
55 93
55 47
55 97
55 105
55 80
55 103
55 6
55 50
55 40
55 7
55 53
55 28
55 98
55 52
55 38
55 57
55 4
55 102
55 68
55 63
55 1
55 19
55 21
55 42
55 90
55 81
55 17
55 27
32 71
32 69
32 100
32 14
32 10
32 5
32 94
32 9
32 2
32 70
32 95
32 3
32 58
32 88
32 30
32 72
32 51
32 34
32 24
32 86
32 59
32 76
32 91
32 36
32 62
32 46
32 22
32 43
32 89
32 78
32 61
32 92
32 12
32 64
32 93
32 47
32 97
32 105
32 80
32 103
32 6
32 50
32 40
32 7
32 53
32 28
32 98
32 52
32 38
32 57
32 4
32 102
32 68
32 63
32 1
32 19
32 21
32 42
32 90
32 81
32 17
32 27
71 69
71 100
71 14
71 10
71 5
71 94
71 9
71 2
71 70
71 95
71 3
71 58
71 88
71 30
71 72
71 51
71 34
71 24
71 86
71 59
71 76
71 91
71 36
71 62
71 46
71 22
71 43
71 89
71 78
71 61
71 92
71 12
71 64
71 93
71 47
71 97
71 105
71 80
71 103
71 6
71 50
71 40
71 7
71 53
71 28
71 98
71 52
71 38
71 57
71 4
71 102
71 68
71 63
71 1
71 19
71 21
71 42
71 90
71 81
71 17
71 27
69 100
69 14
69 10
69 5
69 94
69 9
69 2
69 70
69 95
69 3
69 58
69 88
69 30
69 72
69 51
69 34
69 24
69 86
69 59
69 76
69 91
69 36
69 62
69 46
69 22
69 43
69 89
69 78
69 61
69 92
69 12
69 64
69 93
69 47
69 97
69 105
69 80
69 103
69 6
69 50
69 40
69 7
69 53
69 28
69 98
69 52
69 38
69 57
69 4
69 102
69 68
69 63
69 1
69 19
69 21
69 42
69 90
69 81
69 17
69 27
100 14
100 10
100 5
100 94
100 9
100 2
100 70
100 95
100 3
100 58
100 88
100 30
100 72
100 51
100 34
100 24
100 86
100 59
100 76
100 91
100 36
100 62
100 46
100 22
100 43
100 89
100 78
100 61
100 92
100 12
100 64
100 93
100 47
100 97
100 105
100 80
100 103
100 6
100 50
100 40
100 7
100 53
100 28
100 98
100 52
100 38
100 57
100 4
100 102
100 68
100 63
100 1
100 19
100 21
100 42
100 90
100 81
100 17
100 27
14 10
14 5
14 94
14 9
14 2
14 70
14 95
14 3
14 58
14 88
14 30
14 72
14 51
14 34
14 24
14 86
14 59
14 76
14 91
14 36
14 62
14 46
14 22
14 43
14 89
14 78
14 61
14 92
14 12
14 64
14 93
14 47
14 97
14 105
14 80
14 103
14 6
14 50
14 40
14 7
14 53
14 28
14 98
14 52
14 38
14 57
14 4
14 102
14 68
14 63
14 1
14 19
14 21
14 42
14 90
14 81
14 17
14 27
10 5
10 94
10 9
10 2
10 70
10 95
10 3
10 58
10 88
10 30
10 72
10 51
10 34
10 24
10 86
10 59
10 76
10 91
10 36
10 62
10 46
10 22
10 43
10 89
10 78
10 61
10 92
10 12
10 64
10 93
10 47
10 97
10 105
10 80
10 103
10 6
10 50
10 40
10 7
10 53
10 28
10 98
10 52
10 38
10 57
10 4
10 102
10 68
10 63
10 1
10 19
10 21
10 42
10 90
10 81
10 17
10 27
5 94
5 9
5 2
5 70
5 95
5 3
5 58
5 88
5 30
5 72
5 51
5 34
5 24
5 86
5 59
5 76
5 91
5 36
5 62
5 46
5 22
5 43
5 89
5 78
5 61
5 92
5 12
5 64
5 93
5 47
5 97
5 105
5 80
5 103
5 6
5 50
5 40
5 7
5 53
5 28
5 98
5 52
5 38
5 57
5 4
5 102
5 68
5 63
5 1
5 19
5 21
5 42
5 90
5 81
5 17
5 27
94 9
94 2
94 70
94 95
94 3
94 58
94 88
94 30
94 72
94 51
94 34
94 24
94 86
94 59
94 76
94 91
94 36
94 62
94 46
94 22
94 43
94 89
94 78
94 61
94 92
94 12
94 64
94 93
94 47
94 97
94 105
94 80
94 103
94 6
94 50
94 40
94 7
94 53
94 28
94 98
94 52
94 38
94 57
94 4
94 102
94 68
94 63
94 1
94 19
94 21
94 42
94 90
94 81
94 17
94 27
9 2
9 70
9 95
9 3
9 58
9 88
9 30
9 72
9 51
9 34
9 24
9 86
9 59
9 76
9 91
9 36
9 62
9 46
9 22
9 43
9 89
9 78
9 61
9 92
9 12
9 64
9 93
9 47
9 97
9 105
9 80
9 103
9 6
9 50
9 40
9 7
9 53
9 28
9 98
9 52
9 38
9 57
9 4
9 102
9 68
9 63
9 1
9 19
9 21
9 42
9 90
9 81
9 17
9 27
2 70
2 95
2 3
2 58
2 88
2 30
2 72
2 51
2 34
2 24
2 86
2 59
2 76
2 91
2 36
2 62
2 46
2 22
2 43
2 89
2 78
2 61
2 92
2 12
2 64
2 93
2 47
2 97
2 105
2 80
2 103
2 6
2 50
2 40
2 7
2 53
2 28
2 98
2 52
2 38
2 57
2 4
2 102
2 68
2 63
2 1
2 19
2 21
2 42
2 90
2 81
2 17
2 27
70 95
70 3
70 58
70 88
70 30
70 72
70 51
70 34
70 24
70 86
70 59
70 76
70 91
70 36
70 62
70 46
70 22
70 43
70 89
70 78
70 61
70 92
70 12
70 64
70 93
70 47
70 97
70 105
70 80
70 103
70 6
70 50
70 40
70 7
70 53
70 28
70 98
70 52
70 38
70 57
70 4
70 102
70 68
70 63
70 1
70 19
70 21
70 42
70 90
70 81
70 17
70 27
95 3
95 58
95 88
95 30
95 72
95 51
95 34
95 24
95 86
95 59
95 76
95 91
95 36
95 62
95 46
95 22
95 43
95 89
95 78
95 61
95 92
95 12
95 64
95 93
95 47
95 97
95 105
95 80
95 103
95 6
95 50
95 40
95 7
95 53
95 28
95 98
95 52
95 38
95 57
95 4
95 102
95 68
95 63
95 1
95 19
95 21
95 42
95 90
95 81
95 17
95 27
3 58
3 88
3 30
3 72
3 51
3 34
3 24
3 86
3 59
3 76
3 91
3 36
3 62
3 46
3 22
3 43
3 89
3 78
3 61
3 92
3 12
3 64
3 93
3 47
3 97
3 105
3 80
3 103
3 6
3 50
3 40
3 7
3 53
3 28
3 98
3 52
3 38
3 57
3 4
3 102
3 68
3 63
3 1
3 19
3 21
3 42
3 90
3 81
3 17
3 27
58 88
58 30
58 72
58 51
58 34
58 24
58 86
58 59
58 76
58 91
58 36
58 62
58 46
58 22
58 43
58 89
58 78
58 61
58 92
58 12
58 64
58 93
58 47
58 97
58 105
58 80
58 103
58 6
58 50
58 40
58 7
58 53
58 28
58 98
58 52
58 38
58 57
58 4
58 102
58 68
58 63
58 1
58 19
58 21
58 42
58 90
58 81
58 17
58 27
88 30
88 72
88 51
88 34
88 24
88 86
88 59
88 76
88 91
88 36
88 62
88 46
88 22
88 43
88 89
88 78
88 61
88 92
88 12
88 64
88 93
88 47
88 97
88 105
88 80
88 103
88 6
88 50
88 40
88 7
88 53
88 28
88 98
88 52
88 38
88 57
88 4
88 102
88 68
88 63
88 1
88 19
88 21
88 42
88 90
88 81
88 17
88 27
30 72
30 51
30 34
30 24
30 86
30 59
30 76
30 91
30 36
30 62
30 46
30 22
30 43
30 89
30 78
30 61
30 92
30 12
30 64
30 93
30 47
30 97
30 105
30 80
30 103
30 6
30 50
30 40
30 7
30 53
30 28
30 98
30 52
30 38
30 57
30 4
30 102
30 68
30 63
30 1
30 19
30 21
30 42
30 90
30 81
30 17
30 27
72 51
72 34
72 24
72 86
72 59
72 76
72 91
72 36
72 62
72 46
72 22
72 43
72 89
72 78
72 61
72 92
72 12
72 64
72 93
72 47
72 97
72 105
72 80
72 103
72 6
72 50
72 40
72 7
72 53
72 28
72 98
72 52
72 38
72 57
72 4
72 102
72 68
72 63
72 1
72 19
72 21
72 42
72 90
72 81
72 17
72 27
51 34
51 24
51 86
51 59
51 76
51 91
51 36
51 62
51 46
51 22
51 43
51 89
51 78
51 61
51 92
51 12
51 64
51 93
51 47
51 97
51 105
51 80
51 103
51 6
51 50
51 40
51 7
51 53
51 28
51 98
51 52
51 38
51 57
51 4
51 102
51 68
51 63
51 1
51 19
51 21
51 42
51 90
51 81
51 17
51 27
34 24
34 86
34 59
34 76
34 91
34 36
34 62
34 46
34 22
34 43
34 89
34 78
34 61
34 92
34 12
34 64
34 93
34 47
34 97
34 105
34 80
34 103
34 6
34 50
34 40
34 7
34 53
34 28
34 98
34 52
34 38
34 57
34 4
34 102
34 68
34 63
34 1
34 19
34 21
34 42
34 90
34 81
34 17
34 27
24 86
24 59
24 76
24 91
24 36
24 62
24 46
24 22
24 43
24 89
24 78
24 61
24 92
24 12
24 64
24 93
24 47
24 97
24 105
24 80
24 103
24 6
24 50
24 40
24 7
24 53
24 28
24 98
24 52
24 38
24 57
24 4
24 102
24 68
24 63
24 1
24 19
24 21
24 42
24 90
24 81
24 17
24 27
86 59
86 76
86 91
86 36
86 62
86 46
86 22
86 43
86 89
86 78
86 61
86 92
86 12
86 64
86 93
86 47
86 97
86 105
86 80
86 103
86 6
86 50
86 40
86 7
86 53
86 28
86 98
86 52
86 38
86 57
86 4
86 102
86 68
86 63
86 1
86 19
86 21
86 42
86 90
86 81
86 17
86 27
59 76
59 91
59 36
59 62
59 46
59 22
59 43
59 89
59 78
59 61
59 92
59 12
59 64
59 93
59 47
59 97
59 105
59 80
59 103
59 6
59 50
59 40
59 7
59 53
59 28
59 98
59 52
59 38
59 57
59 4
59 102
59 68
59 63
59 1
59 19
59 21
59 42
59 90
59 81
59 17
59 27
76 91
76 36
76 62
76 46
76 22
76 43
76 89
76 78
76 61
76 92
76 12
76 64
76 93
76 47
76 97
76 105
76 80
76 103
76 6
76 50
76 40
76 7
76 53
76 28
76 98
76 52
76 38
76 57
76 4
76 102
76 68
76 63
76 1
76 19
76 21
76 42
76 90
76 81
76 17
76 27
91 36
91 62
91 46
91 22
91 43
91 89
91 78
91 61
91 92
91 12
91 64
91 93
91 47
91 97
91 105
91 80
91 103
91 6
91 50
91 40
91 7
91 53
91 28
91 98
91 52
91 38
91 57
91 4
91 102
91 68
91 63
91 1
91 19
91 21
91 42
91 90
91 81
91 17
91 27
36 62
36 46
36 22
36 43
36 89
36 78
36 61
36 92
36 12
36 64
36 93
36 47
36 97
36 105
36 80
36 103
36 6
36 50
36 40
36 7
36 53
36 28
36 98
36 52
36 38
36 57
36 4
36 102
36 68
36 63
36 1
36 19
36 21
36 42
36 90
36 81
36 17
36 27
62 46
62 22
62 43
62 89
62 78
62 61
62 92
62 12
62 64
62 93
62 47
62 97
62 105
62 80
62 103
62 6
62 50
62 40
62 7
62 53
62 28
62 98
62 52
62 38
62 57
62 4
62 102
62 68
62 63
62 1
62 19
62 21
62 42
62 90
62 81
62 17
62 27
46 22
46 43
46 89
46 78
46 61
46 92
46 12
46 64
46 93
46 47
46 97
46 105
46 80
46 103
46 6
46 50
46 40
46 7
46 53
46 28
46 98
46 52
46 38
46 57
46 4
46 102
46 68
46 63
46 1
46 19
46 21
46 42
46 90
46 81
46 17
46 27
22 43
22 89
22 78
22 61
22 92
22 12
22 64
22 93
22 47
22 97
22 105
22 80
22 103
22 6
22 50
22 40
22 7
22 53
22 28
22 98
22 52
22 38
22 57
22 4
22 102
22 68
22 63
22 1
22 19
22 21
22 42
22 90
22 81
22 17
22 27
43 89
43 78
43 61
43 92
43 12
43 64
43 93
43 47
43 97
43 105
43 80
43 103
43 6
43 50
43 40
43 7
43 53
43 28
43 98
43 52
43 38
43 57
43 4
43 102
43 68
43 63
43 1
43 19
43 21
43 42
43 90
43 81
43 17
43 27
89 78
89 61
89 92
89 12
89 64
89 93
89 47
89 97
89 105
89 80
89 103
89 6
89 50
89 40
89 7
89 53
89 28
89 98
89 52
89 38
89 57
89 4
89 102
89 68
89 63
89 1
89 19
89 21
89 42
89 90
89 81
89 17
89 27
78 61
78 92
78 12
78 64
78 93
78 47
78 97
78 105
78 80
78 103
78 6
78 50
78 40
78 7
78 53
78 28
78 98
78 52
78 38
78 57
78 4
78 102
78 68
78 63
78 1
78 19
78 21
78 42
78 90
78 81
78 17
78 27
61 92
61 12
61 64
61 93
61 47
61 97
61 105
61 80
61 103
61 6
61 50
61 40
61 7
61 53
61 28
61 98
61 52
61 38
61 57
61 4
61 102
61 68
61 63
61 1
61 19
61 21
61 42
61 90
61 81
61 17
61 27
92 12
92 64
92 93
92 47
92 97
92 105
92 80
92 103
92 6
92 50
92 40
92 7
92 53
92 28
92 98
92 52
92 38
92 57
92 4
92 102
92 68
92 63
92 1
92 19
92 21
92 42
92 90
92 81
92 17
92 27
12 64
12 93
12 47
12 97
12 105
12 80
12 103
12 6
12 50
12 40
12 7
12 53
12 28
12 98
12 52
12 38
12 57
12 4
12 102
12 68
12 63
12 1
12 19
12 21
12 42
12 90
12 81
12 17
12 27
64 93
64 47
64 97
64 105
64 80
64 103
64 6
64 50
64 40
64 7
64 53
64 28
64 98
64 52
64 38
64 57
64 4
64 102
64 68
64 63
64 1
64 19
64 21
64 42
64 90
64 81
64 17
64 27
93 47
93 97
93 105
93 80
93 103
93 6
93 50
93 40
93 7
93 53
93 28
93 98
93 52
93 38
93 57
93 4
93 102
93 68
93 63
93 1
93 19
93 21
93 42
93 90
93 81
93 17
93 27
47 97
47 105
47 80
47 103
47 6
47 50
47 40
47 7
47 53
47 28
47 98
47 52
47 38
47 57
47 4
47 102
47 68
47 63
47 1
47 19
47 21
47 42
47 90
47 81
47 17
47 27
97 105
97 80
97 103
97 6
97 50
97 40
97 7
97 53
97 28
97 98
97 52
97 38
97 57
97 4
97 102
97 68
97 63
97 1
97 19
97 21
97 42
97 90
97 81
97 17
97 27
105 80
105 103
105 6
105 50
105 40
105 7
105 53
105 28
105 98
105 52
105 38
105 57
105 4
105 102
105 68
105 63
105 1
105 19
105 21
105 42
105 90
105 81
105 17
105 27
80 103
80 6
80 50
80 40
80 7
80 53
80 28
80 98
80 52
80 38
80 57
80 4
80 102
80 68
80 63
80 1
80 19
80 21
80 42
80 90
80 81
80 17
80 27
103 6
103 50
103 40
103 7
103 53
103 28
103 98
103 52
103 38
103 57
103 4
103 102
103 68
103 63
103 1
103 19
103 21
103 42
103 90
103 81
103 17
103 27
6 50
6 40
6 7
6 53
6 28
6 98
6 52
6 38
6 57
6 4
6 102
6 68
6 63
6 1
6 19
6 21
6 42
6 90
6 81
6 17
6 27
50 40
50 7
50 53
50 28
50 98
50 52
50 38
50 57
50 4
50 102
50 68
50 63
50 1
50 19
50 21
50 42
50 90
50 81
50 17
50 27
40 7
40 53
40 28
40 98
40 52
40 38
40 57
40 4
40 102
40 68
40 63
40 1
40 19
40 21
40 42
40 90
40 81
40 17
40 27
7 53
7 28
7 98
7 52
7 38
7 57
7 4
7 102
7 68
7 63
7 1
7 19
7 21
7 42
7 90
7 81
7 17
7 27
53 98
53 52
53 38
53 57
53 4
53 102
53 68
53 63
53 1
53 19
53 21
53 42
53 90
53 81
53 17
53 27
28 98
28 52
28 38
28 57
28 4
28 102
28 68
28 63
28 1
28 19
28 21
28 42
28 90
28 81
28 17
28 27
98 52
98 38
98 57
98 4
98 102
98 68
98 63
98 1
98 19
98 21
98 42
98 90
98 81
98 17
98 27
52 38
52 57
52 4
52 102
52 68
52 63
52 1
52 19
52 21
52 42
52 90
52 81
52 17
52 27
38 57
38 4
38 102
38 68
38 63
38 1
38 19
38 21
38 42
38 90
38 81
38 17
38 27
57 4
57 102
57 68
57 63
57 1
57 19
57 21
57 42
57 90
57 81
57 17
57 27
4 102
4 68
4 63
4 1
4 19
4 21
4 42
4 90
4 81
4 17
4 27
102 68
102 63
102 1
102 19
102 21
102 42
102 90
102 81
102 17
102 27
68 63
68 1
68 19
68 21
68 42
68 90
68 81
68 17
68 27
63 1
63 19
63 21
63 42
63 90
63 81
63 17
63 27
1 19
1 21
1 42
1 90
1 81
1 17
1 27
19 21
19 42
19 90
19 81
19 17
19 27
21 42
21 90
21 81
21 17
21 27
42 90
42 81
42 17
42 27
90 81
90 17
90 27
81 17
81 27
17 27
73 77
88 65
29 87
96 15
26 99
39 104
77 106
