VERTICES = 106
EDGES = 196
29 60
29 103
60 103
103 48
103 80
103 87
103 42
103 5
48 80
48 87
48 42
48 5
80 87
80 42
80 5
87 42
87 5
42 5
5 17
5 62
23 18
18 17
18 62
47 62
60 104
60 22
60 20
104 22
104 20
22 20
20 32
100 8
80 96
80 36
80 24
80 1
80 61
80 71
96 36
96 24
96 1
96 61
96 71
36 24
36 1
36 61
36 71
24 1
24 61
24 71
1 61
1 71
61 71
71 79
71 95
95 41
95 98
55 98
60 75
60 16
60 85
60 46
60 21
60 72
75 16
75 85
75 46
75 21
75 72
16 85
16 46
16 21
16 72
85 46
85 21
85 72
46 21
46 72
21 72
72 6
72 77
6 68
6 86
6 37
86 77
104 34
104 27
104 57
34 27
34 57
27 57
57 40
57 12
71 39
71 3
71 15
71 10
39 3
39 15
39 10
3 15
3 10
15 10
10 58
26 11
11 58
58 54
58 52
58 59
58 56
58 106
58 93
58 28
52 59
52 56
52 106
52 93
52 28
59 56
59 106
59 93
59 28
56 106
56 93
56 28
106 93
106 28
93 28
28 4
83 73
4 73
4 7
39 65
39 14
65 14
14 92
92 33
17 69
17 44
17 25
69 44
69 25
44 25
26 76
26 81
26 51
26 2
26 31
26 43
26 45
76 81
76 51
76 2
76 31
76 43
76 45
81 51
81 2
81 31
81 43
81 45
51 2
51 31
51 43
51 45
2 31
2 43
2 45
31 43
31 45
43 45
45 90
45 38
19 70
49 70
90 63
63 38
68 88
68 64
68 35
68 91
88 64
88 35
88 91
64 35
64 91
35 91
91 84
30 97
30 94
97 84
60 66
71 89
54 82
93 101
68 105
