VERTICES = 456
EDGES = 1028
116 348
116 61
116 251
116 78
116 323
40 240
40 283
315 414
315 50
315 85
315 308
240 264
240 127
209 191
209 276
209 372
209 81
209 60
129 189
129 404
129 97
129 195
129 259
129 386
129 81
129 178
129 302
129 163
47 369
47 206
47 128
47 419
303 433
303 111
303 267
303 219
303 262
303 110
373 4
373 339
373 140
373 193
373 296
373 377
183 368
183 140
183 296
183 437
273 149
273 216
273 170
273 377
273 30
221 442
221 117
221 81
221 382
73 260
73 451
73 191
73 284
73 173
189 333
189 84
189 212
189 25
189 207
189 435
387 413
387 283
387 291
272 144
272 390
272 397
272 77
272 51
272 98
272 35
272 91
272 354
14 43
14 358
14 372
14 167
252 44
252 120
252 352
252 236
152 56
152 94
152 362
152 25
215 70
215 347
215 285
215 434
418 427
418 296
418 11
417 274
417 263
280 321
404 109
404 31
404 18
404 318
201 389
201 425
201 317
201 316
201 350
44 436
44 120
44 285
44 408
363 58
363 54
363 439
363 223
363 59
327 66
327 70
327 407
327 309
154 406
154 237
338 413
338 77
338 419
338 188
338 296
338 351
338 382
187 378
187 220
187 119
266 77
266 159
266 80
266 253
266 155
266 219
266 86
266 302
66 392
444 264
444 22
444 359
444 99
444 204
444 250
295 398
295 91
333 56
333 242
294 63
294 220
294 20
294 308
307 125
307 92
307 172
307 329
136 278
136 193
268 375
268 361
268 202
268 336
268 67
57 238
57 51
57 297
57 198
57 377
38 97
38 92
38 34
38 30
38 52
38 452
38 394
384 281
384 316
260 87
260 135
260 256
260 159
260 412
260 372
260 60
260 279
84 282
84 396
84 242
84 302
144 414
144 64
144 206
144 257
144 426
348 389
348 310
348 248
348 106
348 291
390 216
390 142
390 132
390 12
143 339
143 379
143 33
143 376
313 102
313 1
313 70
414 256
414 96
282 109
282 10
282 107
282 255
282 206
282 138
282 408
282 456
416 3
416 98
416 227
416 225
64 128
64 81
104 330
104 248
104 175
413 199
413 364
413 27
413 415
55 251
55 98
55 83
113 355
113 205
113 34
113 291
113 454
421 426
421 31
421 332
421 285
421 309
421 42
97 10
97 395
97 92
97 403
97 352
97 59
97 434
97 147
105 314
105 108
105 151
105 196
238 41
238 452
433 265
433 370
433 182
53 146
53 311
341 89
341 399
341 427
341 293
341 267
341 456
341 42
43 4
43 277
431 449
431 164
431 29
431 409
431 134
431 410
431 246
448 449
448 56
448 256
448 191
448 68
448 160
89 1
89 51
89 284
89 357
89 279
89 137
89 226
393 394
62 236
62 220
399 427
399 224
399 228
399 79
399 250
405 63
405 213
405 179
405 34
405 456
405 376
235 171
235 370
235 153
235 350
235 432
235 9
235 263
443 122
443 365
443 321
443 227
443 386
428 59
109 118
109 175
314 192
314 258
314 19
125 299
125 230
125 59
125 203
171 52
171 158
41 74
41 355
41 91
41 184
334 122
334 138
334 323
334 454
10 185
10 293
10 335
10 374
330 411
330 429
330 382
449 321
449 228
449 262
107 180
107 437
107 197
61 325
61 206
61 91
61 168
16 391
16 192
16 326
16 32
369 158
148 244
148 31
148 381
148 117
255 128
255 264
255 247
299 332
299 59
299 318
391 356
391 385
391 247
391 246
166 217
166 256
166 425
166 437
166 351
102 442
229 264
229 366
229 218
229 52
229 300
229 172
74 420
74 19
74 262
265 191
265 371
265 6
265 271
265 385
265 382
108 135
108 267
108 439
108 422
162 264
162 170
162 276
162 188
162 275
162 176
162 407
397 233
397 424
397 20
397 184
13 270
13 191
13 75
325 216
325 31
325 374
325 186
325 194
325 450
325 101
325 42
206 122
206 355
206 312
77 200
77 100
77 114
77 112
77 271
301 22
301 274
126 207
126 407
126 246
88 324
88 24
88 181
370 197
370 184
261 362
261 65
261 18
261 340
261 133
261 388
395 293
395 138
395 17
395 311
361 319
361 34
361 52
361 196
306 219
306 283
306 336
306 308
306 225
306 196
389 318
50 451
50 159
50 24
50 134
50 163
128 2
128 354
118 293
118 29
118 297
118 231
118 203
2 72
2 46
320 401
320 309
164 331
164 56
164 29
423 198
423 262
149 122
149 403
149 17
149 34
149 336
149 218
149 456
149 101
264 159
264 29
264 412
264 32
264 290
257 94
257 287
257 316
257 312
337 228
337 351
337 161
270 159
270 96
270 98
331 185
331 450
331 396
87 442
87 75
87 319
87 60
87 101
87 300
446 9
446 32
446 12
135 237
185 374
185 246
130 310
130 415
130 263
157 297
157 169
157 263
278 22
278 318
278 351
278 158
356 29
356 247
427 202
427 4
427 92
427 75
427 91
427 349
427 388
427 360
442 31
442 139
442 227
442 181
56 159
56 27
56 146
56 300
56 11
324 420
217 139
199 60
199 133
199 430
94 231
94 133
94 137
94 429
94 101
58 372
58 99
58 350
72 120
256 122
256 234
256 21
256 241
256 242
256 196
1 85
1 267
1 372
1 91
1 160
103 92
103 178
212 213
216 354
451 70
451 92
202 251
202 284
202 22
202 430
191 3
191 160
191 163
4 179
4 60
445 346
39 207
39 434
39 9
195 386
159 198
192 251
192 244
122 140
122 328
122 79
339 419
339 85
339 178
339 359
70 436
70 357
70 12
70 79
251 219
251 67
392 362
392 289
51 400
51 75
51 249
51 435
51 226
419 336
419 225
63 155
63 289
400 117
244 398
244 134
92 169
92 146
355 36
355 141
355 76
355 396
355 429
305 312
305 367
200 220
200 65
200 346
200 172
200 163
111 179
111 65
111 147
85 335
85 276
85 409
85 49
85 131
85 161
365 342
288 381
288 76
426 335
426 8
36 35
36 46
36 153
36 382
345 155
345 20
345 434
345 150
3 184
75 241
75 424
75 222
75 218
75 302
170 374
170 343
29 259
29 321
29 98
29 438
29 279
379 420
379 236
379 117
379 161
249 258
249 101
249 172
142 353
142 193
142 346
335 243
335 59
335 140
335 197
335 27
335 311
335 354
403 69
403 381
403 6
403 454
287 78
234 412
234 312
28 71
28 114
28 342
28 274
358 396
358 147
358 274
358 382
258 371
258 46
258 6
127 336
127 366
127 408
127 271
127 415
23 24
23 353
23 371
23 300
23 290
24 364
24 359
24 52
24 181
281 254
210 420
210 326
321 96
321 188
321 450
321 351
441 82
441 357
441 115
441 382
292 318
292 354
96 78
96 123
96 163
412 21
412 140
412 351
412 161
68 319
68 371
68 326
120 31
120 289
120 407
398 218
80 27
80 326
80 150
69 386
69 283
364 211
364 349
364 279
98 298
98 160
98 161
297 371
297 140
297 218
284 232
284 172
284 93
284 383
425 137
425 79
425 263
276 253
276 402
78 21
78 310
78 409
78 386
78 211
362 233
362 224
362 184
362 354
319 262
141 401
141 263
352 396
352 175
352 48
21 316
21 49
21 160
22 408
22 289
267 168
267 81
267 291
267 262
31 121
31 176
54 112
54 9
233 322
233 119
233 8
374 304
374 119
374 33
374 407
374 250
179 190
179 86
179 163
179 246
177 228
177 123
177 9
177 410
177 263
177 246
420 406
239 439
239 67
239 237
253 86
253 110
155 224
71 169
71 383
439 228
310 20
310 329
236 137
236 232
100 18
275 228
275 204
173 353
173 30
173 388
173 32
353 381
353 67
353 12
353 300
186 46
186 286
186 354
151 411
151 269
151 263
151 83
220 9
381 174
322 241
438 91
117 134
117 119
117 42
371 342
371 20
371 190
371 385
342 411
342 175
35 377
35 429
91 115
91 452
248 194
248 211
248 318
248 160
248 163
169 406
169 308
169 150
368 340
25 138
25 277
25 203
219 174
194 300
343 228
65 228
65 351
304 271
386 76
121 176
121 83
121 254
198 407
46 298
46 225
205 19
168 207
411 344
411 346
283 328
283 382
283 367
283 329
231 377
231 262
231 83
82 344
6 354
176 396
176 434
176 408
176 48
140 163
174 336
241 160
241 383
178 181
424 318
317 246
20 350
211 99
211 232
211 26
316 357
316 245
207 360
207 440
450 193
450 452
450 150
193 456
193 196
34 359
34 67
422 309
76 18
76 232
76 454
132 226
396 263
285 145
285 232
18 228
18 308
18 360
224 184
224 415
99 269
99 27
99 410
99 181
190 336
190 101
434 401
296 336
296 311
60 410
60 150
349 402
349 454
406 83
222 440
344 432
344 93
277 33
357 203
291 279
437 383
336 196
377 237
115 383
115 8
67 133
67 163
197 340
328 226
27 237
326 440
167 351
167 146
133 163
133 454
351 279
351 290
30 95
30 52
184 181
175 245
175 203
204 163
204 440
137 5
388 247
218 323
218 225
242 401
242 232
401 182
48 52
48 309
48 311
245 376
52 79
323 150
410 8
145 172
145 263
79 402
156 90
309 394
250 161
83 452
246 354
246 383
26 254
5 254
116 37
70 15
401 380
305 447
430 453
266 455
