VERTICES = 85
EDGES = 1060
71 41
71 80
71 37
71 7
71 31
71 62
71 59
71 67
71 47
71 13
71 55
71 70
71 35
71 24
71 43
71 23
71 63
71 30
71 2
71 14
71 78
71 19
71 66
71 28
47 12
47 57
47 44
47 45
47 32
47 77
47 73
47 63
47 13
47 55
47 70
47 35
47 24
47 43
47 23
47 41
47 29
47 69
47 9
47 40
47 53
47 1
47 38
13 74
13 83
13 42
13 65
13 54
13 51
13 41
13 30
13 55
13 70
13 35
13 24
13 43
13 23
13 12
13 80
13 75
13 60
13 8
13 81
13 17
13 27
55 50
55 48
55 61
55 15
55 11
55 12
55 29
55 2
55 70
55 35
55 24
55 43
55 23
55 74
55 57
55 37
55 10
55 39
55 21
55 34
55 36
70 5
70 26
70 16
70 85
70 74
70 80
70 69
70 14
70 35
70 24
70 43
70 23
70 50
70 83
70 44
70 7
70 3
70 4
70 52
70 68
35 20
35 33
35 76
35 50
35 57
35 75
35 9
35 78
35 24
35 43
35 23
35 5
35 48
35 42
35 45
35 31
35 46
35 18
35 49
24 56
24 58
24 5
24 83
24 37
24 60
24 40
24 19
24 43
24 23
24 20
24 26
24 61
24 65
24 32
24 62
24 64
24 6
43 82
43 20
43 48
43 44
43 10
43 8
43 53
43 66
43 23
43 56
43 33
43 16
43 15
43 54
43 77
43 59
43 25
23 56
23 26
23 42
23 7
23 39
23 81
23 1
23 28
23 82
23 58
23 76
23 85
23 11
23 51
23 73
23 67
63 29
63 75
63 10
63 3
63 46
63 64
63 25
63 41
63 12
63 74
63 50
63 5
63 20
63 56
63 82
63 30
63 2
63 14
63 78
63 19
63 66
63 28
41 80
41 37
41 7
41 31
41 62
41 59
41 67
41 30
41 12
41 74
41 50
41 5
41 20
41 56
41 82
41 29
41 69
41 9
41 40
41 53
41 1
41 38
12 57
12 44
12 45
12 32
12 77
12 73
12 29
12 2
12 74
12 50
12 5
12 20
12 56
12 82
12 80
12 75
12 60
12 8
12 81
12 17
12 27
74 83
74 42
74 65
74 54
74 51
74 80
74 69
74 14
74 50
74 5
74 20
74 56
74 82
74 57
74 37
74 10
74 39
74 21
74 34
74 36
50 48
50 61
50 15
50 11
50 57
50 75
50 9
50 78
50 5
50 20
50 56
50 82
50 83
50 44
50 7
50 3
50 4
50 52
50 68
5 26
5 16
5 85
5 83
5 37
5 60
5 40
5 19
5 20
5 56
5 82
5 48
5 42
5 45
5 31
5 46
5 18
5 49
20 33
20 76
20 48
20 44
20 10
20 8
20 53
20 66
20 56
20 82
20 26
20 61
20 65
20 32
20 62
20 64
20 6
56 58
56 26
56 42
56 7
56 39
56 81
56 1
56 28
56 82
56 33
56 16
56 15
56 54
56 77
56 59
56 25
82 33
82 61
82 45
82 3
82 21
82 17
82 38
82 58
82 76
82 85
82 11
82 51
82 73
82 67
30 69
30 60
30 39
30 4
30 18
30 6
30 29
30 80
30 57
30 83
30 48
30 26
30 33
30 58
30 2
30 14
30 78
30 19
30 66
30 28
29 75
29 10
29 3
29 46
29 64
29 25
29 2
29 80
29 57
29 83
29 48
29 26
29 33
29 58
29 69
29 9
29 40
29 53
29 1
29 38
80 37
80 7
80 31
80 62
80 59
80 67
80 69
80 14
80 57
80 83
80 48
80 26
80 33
80 58
80 75
80 60
80 8
80 81
80 17
80 27
57 44
57 45
57 32
57 77
57 73
57 75
57 9
57 78
57 83
57 48
57 26
57 33
57 58
57 37
57 10
57 39
57 21
57 34
57 36
83 42
83 65
83 54
83 51
83 37
83 60
83 40
83 19
83 48
83 26
83 33
83 58
83 44
83 7
83 3
83 4
83 52
83 68
48 61
48 15
48 11
48 44
48 10
48 8
48 53
48 66
48 26
48 33
48 58
48 42
48 45
48 31
48 46
48 18
48 49
26 16
26 85
26 42
26 7
26 39
26 81
26 1
26 28
26 33
26 58
26 61
26 65
26 32
26 62
26 64
26 6
33 76
33 61
33 45
33 3
33 21
33 17
33 38
33 58
33 16
33 15
33 54
33 77
33 59
33 25
58 16
58 65
58 31
58 4
58 34
58 27
58 76
58 85
58 11
58 51
58 73
58 67
2 9
2 8
2 21
2 52
2 49
2 69
2 75
2 37
2 44
2 42
2 61
2 16
2 76
2 14
2 78
2 19
2 66
2 28
69 60
69 39
69 4
69 18
69 6
69 14
69 75
69 37
69 44
69 42
69 61
69 16
69 76
69 9
69 40
69 53
69 1
69 38
75 10
75 3
75 46
75 64
75 25
75 9
75 78
75 37
75 44
75 42
75 61
75 16
75 76
75 60
75 8
75 81
75 17
75 27
37 7
37 31
37 62
37 59
37 67
37 60
37 40
37 19
37 44
37 42
37 61
37 16
37 76
37 10
37 39
37 21
37 34
37 36
44 45
44 32
44 77
44 73
44 10
44 8
44 53
44 66
44 42
44 61
44 16
44 76
44 7
44 3
44 4
44 52
44 68
42 65
42 54
42 51
42 7
42 39
42 81
42 1
42 28
42 61
42 16
42 76
42 45
42 31
42 46
42 18
42 49
61 15
61 11
61 45
61 3
61 21
61 17
61 38
61 16
61 76
61 65
61 32
61 62
61 64
61 6
16 85
16 65
16 31
16 4
16 34
16 27
16 76
16 15
16 54
16 77
16 59
16 25
76 15
76 32
76 46
76 52
76 36
76 85
76 11
76 51
76 73
76 67
14 40
14 81
14 34
14 68
14 9
14 60
14 10
14 7
14 45
14 65
14 15
14 85
14 78
14 19
14 66
14 28
9 8
9 21
9 52
9 49
9 78
9 60
9 10
9 7
9 45
9 65
9 15
9 85
9 40
9 53
9 1
9 38
60 39
60 4
60 18
60 6
60 40
60 19
60 10
60 7
60 45
60 65
60 15
60 85
60 8
60 81
60 17
60 27
10 3
10 46
10 64
10 25
10 8
10 53
10 66
10 7
10 45
10 65
10 15
10 85
10 39
10 21
10 34
10 36
7 31
7 62
7 59
7 67
7 39
7 81
7 1
7 28
7 45
7 65
7 15
7 85
7 3
7 4
7 52
7 68
45 32
45 77
45 73
45 3
45 21
45 17
45 38
45 65
45 15
45 85
45 31
45 46
45 18
45 49
65 54
65 51
65 31
65 4
65 34
65 27
65 15
65 85
65 32
65 62
65 64
65 6
15 11
15 32
15 46
15 52
15 36
15 85
15 54
15 77
15 59
15 25
85 54
85 62
85 18
85 68
85 11
85 51
85 73
85 67
78 53
78 17
78 36
78 40
78 8
78 39
78 3
78 31
78 32
78 54
78 11
78 19
78 66
78 28
40 81
40 34
40 68
40 19
40 8
40 39
40 3
40 31
40 32
40 54
40 11
40 53
40 1
40 38
8 21
8 52
8 49
8 53
8 66
8 39
8 3
8 31
8 32
8 54
8 11
8 81
8 17
8 27
39 4
39 18
39 6
39 81
39 1
39 28
39 3
39 31
39 32
39 54
39 11
39 21
39 34
39 36
3 46
3 64
3 25
3 21
3 17
3 38
3 31
3 32
3 54
3 11
3 4
3 52
3 68
31 62
31 59
31 67
31 4
31 34
31 27
31 32
31 54
31 11
31 46
31 18
31 49
32 77
32 73
32 46
32 52
32 36
32 54
32 11
32 62
32 64
32 6
54 51
54 62
54 18
54 68
54 11
54 77
54 59
54 25
11 77
11 64
11 49
11 51
11 73
11 67
19 1
19 27
19 53
19 81
19 21
19 4
19 46
19 62
19 77
19 51
19 66
19 28
53 17
53 36
53 66
53 81
53 21
53 4
53 46
53 62
53 77
53 51
53 1
53 38
81 34
81 68
81 1
81 28
81 21
81 4
81 46
81 62
81 77
81 51
81 17
81 27
21 52
21 49
21 17
21 38
21 4
21 46
21 62
21 77
21 51
21 34
21 36
4 18
4 6
4 34
4 27
4 46
4 62
4 77
4 51
4 52
4 68
46 64
46 25
46 52
46 36
46 62
46 77
46 51
46 18
46 49
62 59
62 67
62 18
62 68
62 77
62 51
62 64
62 6
77 73
77 64
77 49
77 51
77 59
77 25
51 59
51 6
51 73
51 67
66 38
66 1
66 17
66 34
66 52
66 18
66 64
66 59
66 73
66 28
1 27
1 28
1 17
1 34
1 52
1 18
1 64
1 59
1 73
1 38
17 36
17 38
17 34
17 52
17 18
17 64
17 59
17 73
17 27
34 68
34 27
34 52
34 18
34 64
34 59
34 73
34 36
52 49
52 36
52 18
52 64
52 59
52 73
52 68
18 6
18 68
18 64
18 59
18 73
18 49
64 25
64 49
64 59
64 73
64 6
59 67
59 6
59 73
59 25
73 25
73 67
28 38
28 27
28 36
28 68
28 49
28 6
28 25
28 67
38 27
38 36
38 68
38 49
38 6
38 25
38 67
27 36
27 68
27 49
27 6
27 25
27 67
36 68
36 49
36 6
36 25
36 67
68 49
68 6
68 25
68 67
49 6
49 25
49 67
6 25
6 67
25 67
60 22
59 79
1 72
44 84
