VERTICES = 143
EDGES = 498
7 126
6 108
98 47
68 111
139 126
122 47
122 108
122 130
122 126
122 75
122 111
81 111
81 49
81 47
81 58
81 24
81 53
81 70
81 130
81 82
81 106
81 126
114 131
114 111
87 2
87 53
87 130
87 121
87 111
87 82
67 101
67 71
40 47
40 111
40 126
20 71
20 103
20 56
65 111
65 88
65 126
66 53
66 125
66 47
83 111
36 82
36 92
36 126
36 42
36 111
36 47
19 125
19 47
19 92
19 53
111 8
111 61
111 134
111 113
111 118
111 55
111 105
111 84
111 79
111 102
111 104
111 128
111 91
111 80
111 54
111 42
111 5
111 2
111 125
111 93
111 11
111 121
111 132
111 49
111 58
111 24
111 70
111 39
111 22
111 141
111 129
111 15
111 95
111 35
111 78
111 33
111 1
111 16
111 106
111 131
111 44
111 89
111 133
111 107
111 75
111 109
111 96
111 31
111 27
111 53
111 71
111 34
111 29
111 92
111 47
111 97
111 130
111 108
111 82
111 9
111 88
111 126
5 82
5 47
5 130
5 2
5 125
92 134
92 113
92 118
92 42
92 130
92 75
92 125
92 27
92 82
92 117
92 34
92 71
92 53
92 47
92 126
75 134
75 125
75 82
75 93
75 47
75 27
75 130
75 126
138 90
138 71
138 84
77 84
77 49
23 123
23 84
23 71
54 130
54 126
54 71
54 78
14 117
105 55
105 126
105 84
34 82
34 9
34 117
34 53
34 71
34 47
117 72
117 71
117 84
117 47
115 119
115 57
115 76
115 12
115 136
115 84
42 90
42 78
42 52
42 71
42 47
42 82
42 125
42 126
42 2
42 104
42 84
100 104
100 50
100 56
100 71
35 95
35 78
126 121
126 21
126 124
126 127
126 13
126 143
126 60
126 43
126 55
126 79
126 102
126 104
126 78
126 9
126 11
126 48
126 108
126 58
126 24
126 53
126 70
126 130
126 59
126 49
126 136
126 89
126 8
126 45
126 73
126 84
126 71
126 47
126 88
126 1
126 2
126 106
126 82
124 49
124 84
124 71
124 136
94 84
94 71
15 129
15 78
91 9
26 60
99 123
93 47
108 47
108 48
108 78
108 130
108 71
108 28
108 56
108 82
108 9
113 134
113 82
113 47
113 118
25 30
25 71
25 82
25 84
112 49
112 10
112 60
112 84
112 143
133 107
79 102
79 58
79 71
79 104
21 49
21 45
16 106
16 1
16 116
16 82
90 78
90 52
90 82
90 104
90 71
90 57
90 119
90 64
90 136
90 84
96 31
96 27
4 84
119 57
119 76
119 12
119 136
119 84
38 1
38 2
38 17
38 82
11 53
11 47
11 82
11 121
11 130
110 53
110 46
110 47
56 50
56 104
56 28
56 71
56 103
129 78
80 121
78 82
78 52
78 84
78 71
78 130
78 95
135 71
135 53
135 47
64 136
64 84
134 47
134 118
134 82
72 140
57 71
57 49
57 76
57 12
57 136
57 84
84 120
84 30
84 85
84 55
84 52
84 104
84 10
84 3
84 123
84 32
84 76
84 12
84 51
84 136
84 60
84 49
84 8
84 45
84 47
84 1
84 2
84 82
84 73
84 71
76 12
76 136
47 121
47 8
47 118
47 9
47 49
47 58
47 24
47 70
47 130
47 63
47 46
47 31
47 27
47 125
47 1
47 2
47 82
47 53
47 71
47 29
47 97
102 58
102 71
102 104
136 12
136 49
136 71
125 2
125 58
125 130
125 82
125 53
125 31
125 27
55 71
24 82
24 49
24 58
24 53
24 70
24 130
28 71
121 2
121 82
121 53
121 130
30 120
1 53
1 130
1 8
1 116
1 17
1 106
1 82
1 2
2 53
2 8
2 130
2 17
2 82
70 82
70 49
70 58
70 53
70 130
27 31
73 130
73 48
73 69
73 71
50 104
50 71
71 85
71 58
71 130
71 82
71 52
71 48
71 123
71 69
71 3
71 101
71 62
71 104
71 103
71 49
71 8
71 45
71 53
69 48
101 62
58 104
58 82
58 49
58 53
58 130
104 85
45 60
45 49
45 8
8 53
8 82
8 130
3 143
3 60
3 49
51 60
32 52
32 82
32 49
48 130
49 10
49 143
49 18
49 53
49 130
49 82
49 60
46 53
106 17
106 82
63 53
52 82
17 82
9 82
18 60
41 53
118 82
10 60
116 82
53 130
53 82
130 82
41 74
141 86
4 37
7 137
74 142
