VERTICES = 218
EDGES = 1267
23 50
79 50
79 23
5 50
163 50
179 50
98 50
94 50
8 50
8 5
213 50
213 94
75 50
75 98
104 50
104 179
26 50
26 163
45 183
53 117
177 196
48 196
33 183
200 86
115 74
185 74
155 117
83 86
176 183
176 45
47 196
47 177
159 196
159 48
38 183
38 33
106 117
106 155
130 86
130 200
143 74
143 115
41 117
41 53
78 74
78 185
6 86
6 83
218 184
218 6
65 116
65 78
201 116
201 143
201 65
39 184
39 130
39 218
193 203
193 38
51 56
51 106
166 119
166 47
91 203
91 176
91 193
59 119
59 159
59 166
28 56
28 41
28 51
188 203
188 45
210 56
210 53
135 56
135 155
135 210
88 184
88 83
15 119
15 48
121 116
121 185
68 119
68 177
68 15
1 116
1 115
1 121
85 203
85 33
85 188
17 184
17 200
17 88
16 25
16 45
16 188
71 87
71 83
71 88
20 153
20 185
20 121
146 25
146 33
146 85
216 140
216 155
216 135
93 140
93 53
93 210
187 153
187 115
187 1
40 87
40 200
40 17
90 211
90 48
90 15
73 211
73 177
73 68
31 87
31 6
31 218
31 40
37 153
37 78
37 65
37 187
4 25
4 176
4 91
4 146
120 140
120 41
120 28
120 216
208 153
208 143
208 201
208 20
89 25
89 38
89 193
89 16
133 211
133 159
133 59
133 73
214 211
214 47
214 166
214 90
44 87
44 130
44 39
44 71
144 140
144 106
144 51
144 93
19 23
19 211
19 25
19 140
19 153
19 87
61 23
61 183
61 196
61 117
61 74
61 86
61 19
209 8
209 211
209 130
209 143
209 188
209 210
209 19
80 26
80 140
80 38
80 78
80 88
80 68
80 19
138 213
138 153
138 47
138 41
138 85
138 17
138 19
35 104
35 25
35 106
35 6
35 15
35 121
35 19
189 75
189 87
189 176
189 159
189 135
189 1
189 19
99 23
99 45
99 177
99 200
99 185
99 155
63 23
63 53
63 48
63 33
63 115
63 83
42 23
42 65
42 39
42 51
42 166
42 91
42 63
112 23
112 218
112 201
112 193
112 59
112 28
112 99
164 23
164 210
164 88
164 15
164 1
164 85
161 23
161 188
161 135
161 121
161 68
161 17
170 23
170 31
170 120
170 208
170 89
170 133
170 164
18 23
18 37
18 4
18 214
18 44
18 144
18 161
36 79
36 117
36 45
36 115
36 15
36 17
150 79
150 196
150 185
150 83
150 135
150 85
76 79
76 86
76 177
76 33
76 210
76 121
32 79
32 74
32 48
32 155
32 188
32 88
198 79
198 183
198 53
198 200
198 68
198 1
49 79
49 211
49 201
49 39
49 89
49 144
49 150
195 79
195 87
195 91
195 59
195 37
195 120
195 76
178 79
178 153
178 166
178 28
178 31
178 4
178 32
192 79
192 25
192 218
192 51
192 208
192 214
192 198
114 79
114 140
114 65
114 193
114 133
114 44
114 36
142 98
142 196
142 116
142 176
142 51
142 88
142 80
142 192
97 94
97 196
97 184
97 41
97 193
97 121
97 35
97 114
110 163
110 183
110 184
110 78
110 166
110 210
110 209
110 178
110 97
10 179
10 117
10 116
10 6
10 59
10 188
10 209
10 195
10 142
137 5
137 74
137 56
137 130
137 91
137 15
137 35
137 195
67 163
67 74
67 119
67 38
67 218
67 135
67 189
67 192
169 179
169 86
169 119
169 106
169 65
169 85
169 138
169 114
169 67
147 5
147 86
147 203
147 143
147 28
147 68
147 80
147 178
77 94
77 117
77 203
77 47
77 39
77 1
77 189
77 49
77 147
101 98
101 183
101 56
101 159
101 201
101 17
101 138
101 49
101 137
180 26
180 45
180 6
180 166
180 135
180 187
180 35
180 42
162 104
162 53
162 78
162 59
162 85
162 40
162 80
162 112
139 213
139 48
139 130
139 193
139 1
139 216
139 209
139 112
13 75
13 177
13 143
13 51
13 17
13 146
13 209
13 42
55 26
55 115
55 47
55 218
55 210
55 16
55 138
55 112
69 75
69 33
69 106
69 201
69 88
69 73
69 35
69 112
191 213
191 155
191 38
191 39
191 121
191 90
191 80
191 42
149 104
149 200
149 159
149 65
149 188
149 93
149 189
149 42
92 8
92 83
92 176
92 28
92 15
92 20
92 189
92 112
122 8
122 185
122 41
122 91
122 68
122 71
122 138
122 42
64 163
64 45
64 47
64 88
64 93
64 37
64 195
64 77
64 69
11 94
11 48
11 38
11 17
11 20
11 120
11 195
11 67
11 13
207 98
207 177
207 106
207 1
207 71
207 4
207 178
207 169
207 139
66 5
66 185
66 176
66 210
66 90
66 44
66 114
66 142
66 55
182 179
182 53
182 159
182 121
182 16
182 31
182 178
182 101
182 191
194 5
194 83
194 41
194 188
194 73
194 208
194 192
194 97
194 149
131 179
131 200
131 78
131 15
131 146
131 144
131 49
131 110
131 92
134 163
134 115
134 6
134 68
134 216
134 89
134 49
134 10
134 122
81 98
81 33
81 143
81 135
81 40
81 133
81 114
81 147
81 180
70 94
70 155
70 130
70 85
70 187
70 214
70 192
70 137
70 162
58 213
58 45
58 78
58 51
58 73
58 31
58 36
58 139
174 104
174 115
174 38
174 28
174 71
174 214
174 36
174 149
151 26
151 200
151 106
151 91
151 20
151 133
151 198
151 55
46 213
46 83
46 143
46 59
46 93
46 4
46 150
46 191
158 8
158 33
158 159
158 218
158 187
158 144
158 76
158 122
7 8
7 155
7 47
7 65
7 40
7 89
7 32
7 92
118 75
118 185
118 130
118 166
118 16
118 120
118 150
118 69
54 75
54 53
54 6
54 193
54 90
54 37
54 198
54 13
168 104
168 177
168 176
168 39
168 216
168 208
168 76
168 162
100 26
100 48
100 41
100 201
100 146
100 44
100 32
100 180
128 163
128 130
128 28
128 121
128 146
128 133
128 161
128 64
128 174
125 179
125 143
125 91
125 88
125 216
125 214
125 164
125 182
125 151
29 98
29 41
29 39
29 15
29 16
29 37
29 164
29 81
29 168
57 94
57 176
57 201
57 68
57 93
57 31
57 161
57 70
57 100
9 94
9 6
9 65
9 210
9 73
9 4
9 164
9 11
9 7
111 179
111 47
111 193
111 135
111 71
111 208
111 161
111 131
111 54
206 5
206 38
206 166
206 1
206 40
206 144
206 164
206 194
206 118
175 98
175 78
175 218
175 188
175 90
175 120
175 161
175 207
175 158
124 5
124 106
124 59
124 17
124 187
124 89
124 161
124 66
124 46
102 163
102 159
102 51
102 85
102 20
102 44
102 164
102 134
102 58
127 5
127 196
127 218
127 65
127 146
127 216
127 61
127 128
127 125
12 163
12 117
12 201
12 91
12 40
12 90
12 61
12 206
12 175
186 179
186 183
186 39
186 28
186 187
186 73
186 61
186 9
186 124
2 98
2 86
2 193
2 166
2 20
2 93
2 61
2 57
2 102
113 94
113 74
113 51
113 59
113 16
113 71
113 61
113 29
113 111
95 8
95 196
95 38
95 106
95 31
95 37
95 209
95 150
95 174
95 151
95 29
95 57
72 26
72 117
72 159
72 130
72 4
72 208
72 80
72 36
72 158
72 118
72 9
72 111
62 104
62 183
62 47
62 143
62 120
62 44
62 35
62 198
62 46
62 7
62 175
62 102
167 75
167 86
167 41
167 78
167 89
167 214
167 189
167 76
167 58
167 100
167 125
167 124
148 213
148 74
148 176
148 6
148 133
148 144
148 138
148 32
148 54
148 168
148 128
148 206
199 8
199 86
199 56
199 45
199 90
199 208
199 170
199 169
199 191
199 64
204 213
204 196
204 203
204 200
204 187
204 120
204 170
204 142
204 180
204 131
108 75
108 196
108 56
108 115
108 40
108 4
108 18
108 97
108 162
108 134
108 199
84 104
84 117
84 119
84 185
84 146
84 31
84 170
84 77
84 13
84 66
123 75
123 183
123 116
123 155
123 71
123 133
123 170
123 110
123 122
123 70
126 26
126 183
126 119
126 83
126 216
126 37
126 18
126 101
126 139
126 194
126 84
145 26
145 74
145 184
145 177
145 93
145 89
145 170
145 137
145 149
145 207
141 213
141 117
141 184
141 33
141 20
141 214
141 18
141 10
141 92
141 81
141 145
132 8
132 74
132 203
132 53
132 73
132 44
132 18
132 67
132 69
132 182
132 204
60 104
60 86
60 116
60 48
60 16
60 144
60 18
60 147
60 55
60 11
60 123
152 94
152 87
152 119
152 45
152 143
152 144
152 99
152 97
152 158
152 125
156 5
156 25
156 184
156 155
156 159
156 37
156 99
156 147
156 54
156 102
165 5
165 140
165 116
165 33
165 47
165 31
165 63
165 137
165 58
165 111
96 163
96 211
96 116
96 200
96 41
96 4
96 99
96 67
96 46
96 29
96 165
160 179
160 153
160 56
160 177
160 38
160 44
160 99
160 10
160 100
160 206
154 179
154 211
154 184
154 115
154 176
154 120
154 63
154 169
154 118
154 57
154 156
205 94
205 25
205 56
205 83
205 78
205 133
205 63
205 77
205 151
205 175
205 160
3 98
3 140
3 203
3 185
3 6
3 214
3 99
3 101
3 174
3 9
82 163
82 87
82 203
82 48
82 106
82 208
82 63
82 110
82 168
82 124
82 3
171 98
171 153
171 119
171 53
171 130
171 89
171 63
171 142
171 7
171 128
171 152
52 213
52 87
52 56
52 65
52 68
52 16
52 198
52 118
52 127
52 141
52 82
14 75
14 153
14 203
14 218
14 15
14 93
14 36
14 46
14 127
14 123
14 160
107 213
107 25
107 119
107 201
107 210
107 71
107 76
107 174
107 12
107 204
107 156
27 75
27 140
27 119
27 39
27 188
27 20
27 32
27 151
27 186
27 108
27 165
27 107
24 104
24 211
24 56
24 193
24 88
24 187
24 32
24 158
24 2
24 84
24 96
24 52
109 26
109 211
109 203
109 51
109 121
109 40
109 76
109 7
109 113
109 126
109 154
109 14
197 26
197 87
197 116
197 28
197 85
197 90
197 150
197 54
197 186
197 145
197 152
105 8
105 25
105 116
105 166
105 17
105 216
105 36
105 168
105 2
105 132
105 205
105 197
30 8
30 140
30 184
30 59
30 1
30 146
30 198
30 100
30 113
30 199
30 3
190 104
190 153
190 184
190 91
190 135
190 73
190 150
190 58
190 12
190 60
190 171
190 30
157 5
157 211
157 45
157 53
157 71
157 20
157 49
157 180
157 162
157 11
157 207
157 127
136 98
136 87
136 115
136 155
136 146
136 73
136 195
136 55
136 191
136 194
136 131
136 2
21 163
21 140
21 177
21 83
21 16
21 187
21 114
21 13
21 92
21 182
21 70
21 12
103 94
103 153
103 33
103 200
103 216
103 90
103 178
103 69
103 149
103 66
103 134
103 113
202 179
202 25
202 48
202 185
202 93
202 40
202 192
202 139
202 122
202 64
202 81
202 186
43 34
43 22
43 173
43 129
43 172
34 22
34 173
34 129
34 172
22 173
22 129
22 172
173 129
173 172
129 172
176 212
148 181
66 215
84 217
