VERTICES = 131
EDGES = 1116
21 53
21 54
21 48
21 104
21 77
21 60
21 52
21 36
21 126
21 10
21 38
21 97
21 33
21 62
21 111
13 53
13 54
13 104
13 77
13 7
13 78
13 109
13 52
13 36
13 126
13 10
13 65
13 38
13 97
13 33
13 62
13 94
13 25
13 111
53 54
53 48
53 104
53 77
53 78
53 60
53 61
53 52
53 36
53 126
53 10
53 38
53 97
53 62
53 94
53 111
54 48
54 104
54 113
54 7
54 61
54 109
54 52
54 36
54 126
54 65
54 38
54 97
54 33
54 62
54 94
54 25
54 111
48 104
48 113
48 77
48 7
48 78
48 60
48 61
48 109
48 36
48 65
48 38
48 97
48 33
48 94
48 25
104 77
104 7
104 60
104 61
104 109
104 52
104 36
104 126
104 10
104 65
104 38
104 97
104 33
104 94
104 25
104 111
113 77
113 7
113 78
113 60
113 109
113 36
113 126
113 10
113 65
113 97
113 62
113 111
77 7
77 60
77 61
77 109
77 36
77 126
77 65
77 38
77 97
77 33
77 94
77 111
7 78
7 60
7 61
7 109
7 36
7 126
7 10
7 65
7 38
7 33
7 94
7 25
7 111
78 60
78 109
78 52
78 36
78 126
78 10
78 38
78 33
78 94
78 111
60 61
60 109
60 52
60 36
60 65
60 38
60 33
60 94
60 111
61 109
61 52
61 36
61 126
61 10
61 97
61 33
61 62
61 25
61 111
109 52
109 36
109 126
109 10
109 65
109 97
109 33
109 62
109 94
109 25
109 111
52 36
52 126
52 65
52 38
52 97
52 62
52 94
52 25
52 111
36 10
36 65
36 38
36 97
36 33
36 62
36 25
36 111
126 10
126 65
126 97
126 33
126 62
126 94
126 25
126 111
10 38
10 33
10 62
10 25
65 33
65 94
65 25
38 97
38 33
38 62
38 94
38 111
97 33
97 62
97 111
33 62
33 94
33 25
62 25
62 111
94 25
25 111
129 40
129 89
129 72
129 76
129 124
129 63
129 56
129 71
129 123
129 19
129 103
129 39
129 86
129 51
129 9
15 40
15 89
15 76
15 124
15 2
15 26
15 96
15 56
15 71
15 123
15 19
15 8
15 103
15 39
15 86
15 51
15 101
15 102
15 9
40 89
40 72
40 76
40 124
40 26
40 63
40 57
40 56
40 71
40 123
40 19
40 103
40 39
40 51
40 101
40 9
89 72
89 76
89 116
89 2
89 57
89 96
89 56
89 71
89 123
89 8
89 103
89 39
89 86
89 51
89 101
89 102
89 9
72 76
72 116
72 124
72 2
72 26
72 63
72 57
72 96
72 71
72 8
72 103
72 39
72 86
72 101
72 102
76 124
76 2
76 63
76 57
76 96
76 56
76 71
76 123
76 19
76 8
76 103
76 39
76 86
76 101
76 102
76 9
116 124
116 2
116 26
116 63
116 96
116 71
116 123
116 19
116 8
116 39
116 51
116 9
124 2
124 63
124 57
124 96
124 71
124 123
124 8
124 103
124 39
124 86
124 101
124 9
2 26
2 63
2 57
2 96
2 71
2 123
2 19
2 8
2 103
2 86
2 101
2 102
2 9
26 63
26 96
26 56
26 71
26 123
26 19
26 103
26 86
26 101
26 9
63 57
63 96
63 56
63 71
63 8
63 103
63 86
63 101
63 9
57 96
57 56
57 71
57 123
57 19
57 39
57 86
57 51
57 102
57 9
96 56
96 71
96 123
96 19
96 8
96 39
96 86
96 51
96 101
96 102
96 9
56 71
56 123
56 8
56 103
56 39
56 51
56 101
56 102
56 9
71 19
71 8
71 103
71 39
71 86
71 51
71 102
71 9
123 19
123 8
123 39
123 86
123 51
123 101
123 102
123 9
19 103
19 86
19 51
19 102
8 86
8 101
8 102
103 39
103 86
103 51
103 101
103 9
39 86
39 51
39 9
86 51
86 101
86 102
51 102
51 9
101 102
102 9
17 115
17 75
17 43
17 88
17 24
17 125
17 20
17 87
17 82
17 3
17 84
17 42
17 70
17 119
17 85
122 115
122 75
122 88
122 24
122 28
122 117
122 18
122 20
122 87
122 82
122 3
122 35
122 84
122 42
122 70
122 119
122 27
122 105
122 85
115 75
115 43
115 88
115 24
115 117
115 125
115 110
115 20
115 87
115 82
115 3
115 84
115 42
115 119
115 27
115 85
75 43
75 88
75 83
75 28
75 110
75 18
75 20
75 87
75 82
75 35
75 84
75 42
75 70
75 119
75 27
75 105
75 85
43 88
43 83
43 24
43 28
43 117
43 125
43 110
43 18
43 87
43 35
43 84
43 42
43 70
43 27
43 105
88 24
88 28
88 125
88 110
88 18
88 20
88 87
88 82
88 3
88 35
88 84
88 42
88 70
88 27
88 105
88 85
83 24
83 28
83 117
83 125
83 18
83 87
83 82
83 3
83 35
83 42
83 119
83 85
24 28
24 125
24 110
24 18
24 87
24 82
24 35
24 84
24 42
24 70
24 27
24 85
28 117
28 125
28 110
28 18
28 87
28 82
28 3
28 35
28 84
28 70
28 27
28 105
28 85
117 125
117 18
117 20
117 87
117 82
117 3
117 84
117 70
117 27
117 85
125 110
125 18
125 20
125 87
125 35
125 84
125 70
125 27
125 85
110 18
110 20
110 87
110 82
110 3
110 42
110 70
110 119
110 105
110 85
18 20
18 87
18 82
18 3
18 35
18 42
18 70
18 119
18 27
18 105
18 85
20 87
20 82
20 35
20 84
20 42
20 119
20 27
20 105
20 85
87 3
87 35
87 84
87 42
87 70
87 119
87 105
87 85
82 3
82 35
82 42
82 70
82 119
82 27
82 105
82 85
3 84
3 70
3 119
3 105
35 70
35 27
35 105
84 42
84 70
84 119
84 27
84 85
42 70
42 119
42 85
70 119
70 27
70 105
119 105
119 85
27 105
105 85
68 11
68 30
68 80
68 4
68 64
68 49
68 81
68 34
68 73
68 1
68 41
68 108
68 58
68 106
68 112
92 11
92 30
92 4
92 64
92 50
92 6
92 91
92 81
92 34
92 73
92 1
92 114
92 41
92 108
92 58
92 106
92 118
92 29
92 112
11 30
11 80
11 4
11 64
11 6
11 49
11 46
11 81
11 34
11 73
11 1
11 41
11 108
11 106
11 118
11 112
30 80
30 4
30 127
30 50
30 46
30 91
30 81
30 34
30 73
30 114
30 41
30 108
30 58
30 106
30 118
30 29
30 112
80 4
80 127
80 64
80 50
80 6
80 49
80 46
80 91
80 34
80 114
80 41
80 108
80 58
80 118
80 29
4 64
4 50
4 49
4 46
4 91
4 81
4 34
4 73
4 1
4 114
4 41
4 108
4 58
4 118
4 29
4 112
127 64
127 50
127 6
127 49
127 91
127 34
127 73
127 1
127 114
127 108
127 106
127 112
64 50
64 49
64 46
64 91
64 34
64 73
64 114
64 41
64 108
64 58
64 118
64 112
50 6
50 49
50 46
50 91
50 34
50 73
50 1
50 114
50 41
50 58
50 118
50 29
50 112
6 49
6 91
6 81
6 34
6 73
6 1
6 41
6 58
6 118
6 112
49 46
49 91
49 81
49 34
49 114
49 41
49 58
49 118
49 112
46 91
46 81
46 34
46 73
46 1
46 108
46 58
46 106
46 29
46 112
91 81
91 34
91 73
91 1
91 114
91 108
91 58
91 106
91 118
91 29
91 112
81 34
81 73
81 114
81 41
81 108
81 106
81 118
81 29
81 112
34 1
34 114
34 41
34 108
34 58
34 106
34 29
34 112
73 1
73 114
73 108
73 58
73 106
73 118
73 29
73 112
1 41
1 58
1 106
1 29
114 58
114 118
114 29
41 108
41 58
41 106
41 118
41 112
108 58
108 106
108 112
58 106
58 118
58 29
106 29
106 112
118 29
29 112
93 32
93 31
93 23
93 47
93 98
93 90
93 37
93 5
93 74
93 120
93 59
93 107
93 99
93 131
93 67
55 32
55 31
55 47
55 98
55 100
55 14
55 12
55 37
55 5
55 74
55 120
55 44
55 59
55 107
55 99
55 131
55 16
55 69
55 67
32 31
32 23
32 47
32 98
32 14
32 90
32 45
32 37
32 5
32 74
32 120
32 59
32 107
32 131
32 16
32 67
31 23
31 47
31 95
31 100
31 45
31 12
31 37
31 5
31 74
31 44
31 59
31 107
31 99
31 131
31 16
31 69
31 67
23 47
23 95
23 98
23 100
23 14
23 90
23 45
23 12
23 5
23 44
23 59
23 107
23 99
23 16
23 69
47 98
47 100
47 90
47 45
47 12
47 37
47 5
47 74
47 120
47 44
47 59
47 107
47 99
47 16
47 69
47 67
95 98
95 100
95 14
95 90
95 12
95 5
95 74
95 120
95 44
95 107
95 131
95 67
98 100
98 90
98 45
98 12
98 5
98 74
98 44
98 59
98 107
98 99
98 16
98 67
100 14
100 90
100 45
100 12
100 5
100 74
100 120
100 44
100 59
100 99
100 16
100 69
100 67
14 90
14 12
14 37
14 5
14 74
14 120
14 59
14 99
14 16
14 67
90 45
90 12
90 37
90 5
90 44
90 59
90 99
90 16
90 67
45 12
45 37
45 5
45 74
45 120
45 107
45 99
45 131
45 69
45 67
12 37
12 5
12 74
12 120
12 44
12 107
12 99
12 131
12 16
12 69
12 67
37 5
37 74
37 44
37 59
37 107
37 131
37 16
37 69
37 67
5 120
5 44
5 59
5 107
5 99
5 131
5 69
5 67
74 120
74 44
74 107
74 99
74 131
74 16
74 69
74 67
120 59
120 99
120 131
120 69
44 99
44 16
44 69
59 107
59 99
59 131
59 16
59 67
107 99
107 131
107 67
99 131
99 16
99 69
131 69
131 67
16 69
69 67
75 79
64 22
119 66
66 121
35 128
95 130
