VERTICES = 212
EDGES = 252
65 149
149 64
64 169
169 127
127 183
183 88
88 4
4 140
140 65
140 109
140 173
109 173
158 192
192 187
187 195
195 111
111 26
26 179
179 193
193 134
134 158
134 123
134 31
123 31
164 27
27 136
136 122
122 74
74 106
106 103
103 9
9 98
98 164
98 3
98 30
3 30
36 48
48 50
50 43
43 85
85 171
171 108
108 125
125 18
18 36
18 170
18 30
170 30
80 15
15 1
1 141
141 184
184 131
131 63
63 38
38 110
110 80
110 39
110 5
39 5
102 173
173 20
20 166
166 105
105 156
156 147
147 75
75 126
126 102
126 210
126 52
210 52
42 51
51 89
89 189
189 206
206 185
185 93
93 142
142 34
34 42
34 199
34 23
199 23
135 11
11 29
29 41
41 97
97 61
61 153
153 138
138 66
66 135
66 100
66 95
100 95
129 191
191 13
13 68
68 132
132 194
194 133
133 212
212 119
119 129
119 168
119 23
168 23
160 72
72 22
22 94
94 2
2 205
205 159
159 207
207 47
47 160
47 208
47 174
208 174
45 28
28 79
79 117
117 120
120 116
116 203
203 95
95 44
44 45
44 172
44 137
172 137
128 70
70 177
177 82
82 112
112 96
96 162
162 57
57 8
8 128
8 150
8 86
150 86
12 86
86 92
92 152
152 204
204 32
32 49
49 113
113 33
33 12
33 107
33 154
107 154
58 176
176 157
157 59
59 17
17 78
78 186
186 91
91 16
16 58
16 35
16 124
35 124
118 163
163 115
115 19
19 114
114 145
145 178
178 53
53 23
23 118
23 202
23 14
202 14
62 167
167 87
87 25
25 99
99 165
165 139
139 130
130 84
84 62
84 175
84 73
175 73
144 76
76 124
124 90
90 24
24 121
121 55
55 200
200 21
21 144
21 190
21 71
190 71
10 5
5 14
14 56
56 67
67 180
180 182
182 30
30 60
60 10
60 69
60 46
69 46
31 46
46 148
148 54
54 196
196 201
201 198
198 155
155 71
71 31
71 137
71 101
137 101
81 197
197 101
101 154
154 52
52 188
188 151
151 83
83 161
161 81
161 146
161 40
146 40
40 77
77 143
143 104
104 174
174 6
6 181
181 37
37 73
73 40
21 7
78 209
200 211
