VERTICES = 107
EDGES = 516
95 93
95 48
95 74
95 5
95 62
95 52
95 46
95 14
95 15
95 60
95 94
95 107
93 20
93 80
93 52
93 23
93 99
93 56
48 9
48 55
48 13
48 69
48 22
48 46
48 88
48 25
48 36
48 68
48 15
48 53
48 33
48 66
100 69
100 97
100 18
100 7
100 64
100 37
100 12
100 15
100 33
100 90
100 42
100 86
100 99
100 67
100 105
74 9
74 45
74 21
74 72
74 23
74 64
74 12
74 73
74 66
3 34
3 44
3 78
3 70
3 68
3 96
3 43
3 24
3 53
3 30
3 40
3 86
3 19
1 7
1 68
1 12
1 90
1 47
1 107
1 85
20 9
20 28
20 92
20 88
20 96
20 53
20 51
20 47
20 81
20 105
20 63
76 11
76 28
76 62
76 37
76 82
76 42
76 60
76 99
76 66
76 81
76 57
9 13
9 97
9 80
9 64
9 36
9 70
9 68
9 35
9 99
9 89
9 107
9 63
55 83
55 45
55 29
55 75
55 70
55 102
55 15
55 40
55 6
11 83
11 72
11 5
11 44
11 78
11 92
11 8
11 98
11 52
11 96
11 24
11 12
11 73
11 103
11 66
34 18
34 29
34 68
34 33
34 103
34 57
13 5
13 92
13 64
13 37
13 31
13 15
13 30
13 82
13 6
13 94
13 47
13 56
65 52
65 88
65 64
65 96
65 53
65 87
65 86
65 51
69 28
69 29
69 22
69 46
69 75
69 24
69 4
69 54
28 83
28 5
28 78
28 98
28 71
28 53
28 99
28 50
28 89
28 54
83 59
83 75
83 37
83 70
83 31
83 71
83 101
83 73
83 107
83 105
83 19
45 29
45 92
45 62
45 25
45 43
45 51
45 89
21 18
21 59
21 22
21 23
21 88
21 37
21 31
21 12
21 39
21 51
21 94
21 85
72 18
72 62
72 101
72 50
5 78
5 36
5 70
5 96
5 49
5 99
5 51
5 17
5 66
5 19
97 25
97 101
97 12
97 82
97 47
97 56
18 23
18 96
18 17
18 94
18 54
18 67
18 66
18 63
18 56
18 61
44 78
44 80
44 62
44 46
44 64
44 24
44 12
44 10
44 15
44 39
44 84
78 29
78 36
78 71
78 49
78 30
78 6
78 54
78 105
78 26
80 52
80 22
80 88
80 36
80 49
80 94
80 47
80 63
80 57
29 23
29 103
29 66
29 107
29 63
92 2
92 12
92 53
92 54
92 56
16 88
16 33
16 17
16 32
62 59
62 22
62 68
62 12
62 15
62 49
62 84
27 71
27 12
27 39
27 99
27 103
8 59
8 88
8 86
8 17
8 103
8 26
98 42
98 86
98 41
98 66
98 63
59 88
59 25
59 24
59 90
59 40
59 85
59 32
52 46
52 2
52 36
52 71
52 101
52 102
52 82
52 39
52 99
52 94
52 4
22 23
22 36
22 14
22 15
22 87
22 49
22 6
22 17
22 66
22 81
22 19
22 32
7 75
7 43
7 60
7 51
7 56
23 46
23 31
23 96
23 35
23 30
23 51
46 37
46 33
46 86
46 99
88 60
88 51
88 54
88 81
75 35
75 14
75 102
75 49
75 42
75 39
75 17
75 89
75 4
64 25
64 50
64 63
37 31
37 71
37 6
37 60
37 86
37 99
37 107
25 86
25 17
25 89
25 84
25 26
25 57
2 12
2 53
2 30
36 68
36 43
36 10
36 73
36 39
36 107
70 73
70 4
68 31
68 102
68 87
68 51
68 84
68 107
68 26
68 56
68 61
31 10
31 73
31 50
31 107
31 81
31 105
71 101
71 43
71 10
96 24
96 41
96 56
35 24
35 87
35 49
35 60
35 54
35 47
35 19
101 102
14 10
14 73
14 86
14 41
14 94
14 26
43 42
43 73
43 39
43 66
43 26
43 57
24 82
24 51
24 89
24 4
24 84
102 89
102 63
102 19
12 84
12 66
10 49
10 19
15 33
15 6
15 51
15 66
15 57
15 61
53 87
53 86
53 89
53 4
53 54
53 105
53 56
87 30
87 50
87 105
87 63
87 61
33 103
90 6
90 84
49 86
49 85
49 19
30 42
30 47
82 60
82 54
82 19
40 32
6 89
6 63
6 19
42 67
42 107
39 105
39 26
39 32
60 86
60 66
60 26
86 99
86 50
86 81
86 32
41 67
41 66
99 17
99 47
51 94
51 61
50 4
17 54
17 85
94 66
94 63
89 67
89 63
89 57
103 57
4 54
84 32
66 85
66 26
47 81
47 57
26 56
95 91
41 38
45 58
37 79
39 77
68 104
90 106
