VERTICES = 164
EDGES = 323
116 117
116 30
116 71
116 142
117 113
117 156
117 80
113 1
113 71
113 138
30 1
30 156
30 138
1 80
1 142
156 74
71 74
80 74
142 74
138 74
19 114
19 23
19 111
19 109
114 129
114 81
114 74
129 32
129 111
129 110
23 32
23 81
23 110
32 74
32 109
81 65
111 65
74 65
109 65
110 65
123 108
123 64
123 161
123 44
108 10
108 73
108 18
10 100
10 161
10 136
64 100
64 73
64 136
100 18
100 44
73 43
161 43
18 43
44 43
136 43
12 57
12 56
12 92
12 119
57 120
57 152
57 98
120 140
120 92
120 17
56 140
56 152
56 17
140 98
140 119
152 66
92 66
98 66
119 66
17 66
13 58
13 8
13 63
13 76
58 54
58 118
58 99
54 84
54 63
54 4
8 84
8 118
8 4
84 99
84 76
118 27
63 27
99 27
76 27
4 27
159 141
159 7
159 131
159 51
141 102
141 28
141 55
102 157
102 131
102 126
7 157
7 28
7 126
157 55
157 51
28 153
131 153
55 153
51 153
126 153
154 14
154 122
154 42
154 93
14 5
14 47
14 48
5 143
5 42
5 91
122 143
122 47
122 91
143 48
143 93
47 145
42 145
48 145
93 145
91 145
15 79
15 20
15 2
15 60
79 89
79 150
79 158
89 9
89 2
89 43
20 9
20 150
20 43
9 158
9 60
150 35
2 35
158 35
60 35
43 35
137 77
137 95
137 106
137 148
77 139
77 66
77 45
139 147
139 106
139 49
95 147
95 66
95 49
147 45
147 148
66 128
106 128
45 128
148 128
49 128
115 3
115 67
115 132
115 31
3 50
3 61
3 133
50 27
50 132
50 78
67 27
67 61
67 78
27 133
27 31
61 104
132 104
133 104
31 104
78 104
85 24
85 96
85 6
85 37
24 59
24 36
24 127
59 87
59 6
59 52
96 87
96 36
96 52
87 127
87 37
36 33
6 33
127 33
37 33
52 33
41 82
41 39
41 146
41 62
82 83
82 88
82 69
83 86
83 146
83 135
39 86
39 88
39 135
86 69
86 62
88 124
146 124
69 124
62 124
135 124
70 90
70 124
70 121
70 68
90 104
90 25
90 53
104 22
104 121
104 40
124 22
124 25
124 40
22 53
22 68
25 130
121 130
53 130
68 130
40 130
75 103
75 72
75 155
75 144
103 94
103 38
103 145
94 164
94 155
94 29
72 164
72 38
72 29
164 145
164 144
38 21
155 21
145 21
144 21
29 21
130 11
130 112
130 125
130 35
11 33
11 149
11 162
33 16
33 125
33 128
112 16
112 149
112 128
16 162
16 35
149 105
125 105
162 105
35 105
128 105
105 134
105 26
105 21
105 101
134 153
134 97
134 46
153 151
153 21
153 65
26 151
26 97
26 65
151 46
151 101
97 34
21 34
46 34
101 34
65 34
22 107
121 160
148 163
