VERTICES = 907
EDGES = 1808
808 203
818 726
56 248
145 296
471 304
449 72
64 701
803 418
763 111
81 766
353 837
192 584
79 104
189 445
789 785
639 802
903 439
377 747
534 451
409 400
820 397
382 774
793 596
776 821
98 653
464 804
469 212
244 300
292 525
485 877
768 689
474 788
722 135
87 251
687 156
379 633
757 665
106 100
435 110
517 483
482 74
599 4
713 209
120 455
17 418
374 630
222 664
125 355
489 155
796 529
105 600
185 573
534 467
155 590
127 237
320 330
820 694
527 501
486 65
112 184
572 717
275 411
290 881
90 381
799 486
625 31
582 209
658 360
152 350
901 168
755 117
582 8
359 5
433 518
447 806
446 834
161 356
257 522
288 550
752 737
407 577
465 573
124 247
97 528
884 214
184 658
286 714
848 834
123 777
257 783
480 618
186 302
402 649
328 880
843 346
863 721
67 545
766 698
682 400
366 710
202 871
377 782
139 649
608 765
542 332
148 279
540 192
560 556
845 694
508 147
58 604
846 707
317 619
382 241
453 541
184 360
313 902
93 148
729 892
895 129
878 334
226 803
863 831
907 227
746 559
519 853
352 657
639 155
222 754
807 59
738 680
900 164
263 839
825 578
331 115
157 240
497 667
562 656
401 140
87 675
905 613
321 564
411 150
494 402
298 838
490 120
818 873
366 827
652 871
420 596
524 800
450 245
738 756
587 13
408 475
569 641
537 624
440 530
510 790
267 342
577 642
679 500
511 907
159 220
731 860
165 456
563 130
672 671
438 865
86 101
798 42
180 520
169 670
8 689
242 16
868 130
208 627
896 423
902 350
468 751
14 736
774 293
440 434
710 421
79 1
166 332
412 393
60 369
769 244
228 34
813 627
184 52
90 228
388 89
62 668
139 598
486 586
464 319
742 879
640 348
109 291
72 451
403 907
522 779
514 278
106 429
697 224
663 405
65 541
315 517
701 144
824 311
4 406
458 137
222 204
315 483
103 882
397 694
457 114
524 277
332 648
404 171
749 201
144 546
457 422
569 734
469 265
299 227
307 135
368 261
61 858
147 51
754 204
331 271
824 621
713 823
516 502
112 141
361 547
819 693
186 795
12 102
376 278
440 840
756 342
365 530
786 328
764 120
617 409
401 730
61 741
333 823
580 481
369 839
497 836
519 535
815 625
200 454
319 329
817 136
473 828
113 19
194 477
327 860
388 183
640 105
405 74
236 25
581 837
414 326
127 371
798 18
173 460
177 413
76 894
691 727
748 700
224 671
283 478
514 78
455 720
143 783
697 672
419 252
245 266
246 771
604 110
260 819
543 740
814 354
383 394
813 272
420 702
643 142
556 739
485 746
859 28
281 513
95 98
114 405
15 854
470 403
754 557
506 622
112 36
806 128
767 220
131 212
335 816
606 146
570 201
199 892
108 101
483 168
222 827
731 611
76 811
189 211
659 196
396 413
456 720
503 247
742 885
880 674
699 293
661 630
853 535
602 833
850 448
124 626
75 881
225 381
678 705
156 532
145 159
468 82
650 142
743 853
353 581
94 246
207 728
706 282
134 765
366 532
313 350
725 507
274 822
905 836
560 431
580 820
606 264
685 22
569 759
242 477
885 254
120 625
14 520
562 349
690 612
746 387
804 856
719 541
32 807
442 335
738 425
161 294
51 575
73 589
883 521
251 237
312 801
852 40
703 183
623 662
268 479
462 303
890 316
227 154
816 411
427 854
803 702
695 96
757 810
884 357
459 351
299 154
179 893
48 232
751 259
44 33
298 817
547 54
79 177
718 655
746 7
789 515
605 500
737 727
459 159
312 564
739 91
523 234
296 437
430 143
91 475
295 531
341 598
760 904
821 208
180 445
73 632
418 702
331 20
162 91
265 212
468 761
66 400
81 393
401 339
290 320
508 309
318 495
536 149
208 150
348 323
233 21
240 163
620 850
899 378
218 882
558 835
708 288
489 448
417 787
704 845
819 258
554 394
277 34
582 689
815 613
337 362
9 599
161 689
226 557
167 150
258 11
214 357
723 35
683 174
646 253
711 215
890 48
392 96
41 513
628 147
173 496
752 443
330 103
10 750
505 284
429 100
119 688
353 378
341 753
420 811
755 217
211 306
442 70
679 515
743 535
294 356
446 429
711 116
896 263
814 85
379 322
472 513
804 235
577 610
230 846
198 801
808 167
437 362
290 564
200 11
745 547
376 550
206 476
881 35
730 38
56 501
124 503
270 853
73 283
445 211
687 630
45 69
688 256
81 571
428 601
529 571
108 511
856 635
490 224
77 126
732 110
129 412
380 325
640 600
181 197
840 63
40 515
817 838
687 241
388 707
815 156
462 807
415 107
629 795
241 710
790 259
14 189
633 160
840 365
692 440
609 30
524 55
692 408
458 442
268 862
436 59
735 522
131 265
856 663
262 410
373 60
178 672
620 234
244 30
402 327
893 229
180 491
669 590
145 387
887 273
591 243
871 904
123 375
589 632
685 403
580 128
751 761
64 573
508 575
82 790
216 614
174 753
353 725
634 142
333 8
764 443
696 205
659 831
812 578
386 561
809 284
751 82
614 860
646 482
215 858
456 730
487 866
508 3
703 626
251 229
650 643
177 1
892 676
386 749
868 575
322 651
267 686
742 86
403 894
815 31
341 139
844 243
349 870
463 867
591 67
121 359
741 297
350 89
527 344
188 891
855 439
696 645
2 466
729 22
683 753
479 862
758 648
496 182
115 393
650 473
506 717
493 368
607 269
303 412
367 272
452 349
191 95
631 748
395 734
695 193
680 756
200 898
294 8
88 536
207 303
426 721
255 181
493 805
517 637
732 80
18 231
534 673
171 67
567 731
760 871
691 355
521 750
537 628
326 329
557 158
571 865
234 437
137 231
122 493
492 674
763 321
620 707
844 381
98 390
733 789
380 681
797 339
109 559
765 140
685 729
88 223
217 27
878 132
415 399
732 604
646 363
223 397
70 816
409 876
276 863
608 781
202 358
687 774
548 707
77 778
391 158
701 6
641 564
452 644
631 637
857 740
338 406
579 812
550 78
610 544
857 281
36 141
576 160
322 11
572 706
10 207
497 859
681 101
76 399
638 164
875 49
95 390
791 621
246 297
723 218
644 496
280 772
137 903
784 135
117 301
712 163
313 219
151 20
230 183
42 18
723 423
878 539
722 307
426 339
645 205
893 526
471 24
570 195
457 482
250 107
72 247
436 498
330 153
724 605
337 441
724 592
553 267
836 783
382 293
87 424
718 609
352 563
506 572
389 514
886 891
698 498
812 700
692 178
80 787
230 133
636 340
666 312
543 164
684 667
42 897
146 364
60 835
311 536
832 874
516 49
786 674
398 823
287 156
786 880
587 790
248 344
485 854
825 812
426 21
114 663
844 175
745 170
829 777
58 648
645 842
187 155
442 876
427 877
85 897
194 342
714 61
591 404
758 546
494 295
668 621
219 182
335 70
166 6
340 258
719 507
34 23
122 826
389 416
747 279
866 528
636 576
161 810
271 438
372 788
44 835
275 876
486 25
459 716
320 882
303 841
887 338
464 102
84 598
187 590
769 58
574 726
104 396
367 52
292 716
438 206
344 795
570 204
249 430
280 104
449 777
900 513
374 143
221 796
740 744
106 37
539 97
494 531
407 426
722 699
382 512
424 675
509 598
450 3
333 398
141 170
121 491
883 750
133 503
145 385
276 659
380 324
134 849
677 596
615 423
221 766
111 50
628 266
566 332
890 371
677 555
874 515
416 278
428 631
872 175
364 264
94 741
417 345
189 520
731 531
54 239
25 65
216 157
317 735
43 861
281 472
690 430
460 232
796 476
280 716
129 841
384 609
492 880
334 132
33 835
828 237
298 301
62 50
795 302
75 24
37 242
608 238
783 661
776 594
359 306
134 140
644 232
479 163
888 467
96 39
191 809
276 134
735 357
203 584
452 316
817 600
430 619
772 816
158 204
593 310
474 858
679 852
628 624
292 767
198 312
213 583
138 291
39 193
803 647
431 739
481 670
524 889
5 306
383 669
188 44
616 47
759 734
617 400
776 413
450 414
465 583
588 370
742 254
2 667
683 139
447 580
883 562
830 674
468 488
351 873
45 443
87 526
825 700
575 130
328 736
389 554
470 421
381 715
101 154
592 605
287 635
784 676
470 17
277 23
334 487
334 256
561 710
647 664
560 778
724 221
521 895
794 873
607 798
579 578
437 170
434 637
348 838
582 398
419 83
660 610
902 579
462 59
99 743
712 590
260 693
217 461
73 478
779 346
543 638
280 396
354 897
174 834
190 785
534 393
623 538
538 862
69 178
484 216
71 655
321 583
75 653
499 744
90 215
587 510
35 882
252 55
32 480
898 633
690 619
318 144
516 680
417 504
356 107
115 673
677 702
695 392
270 743
729 199
106 509
903 855
404 269
737 635
884 466
431 778
384 168
794 351
56 527
861 368
292 773
804 635
88 397
477 16
26 549
597 302
276 849
116 771
19 630
568 316
419 715
122 859
103 615
652 866
704 50
47 744
46 244
167 800
523 7
505 304
684 2
192 52
901 604
374 113
133 703
262 366
194 49
597 109
503 777
824 791
336 568
439 525
62 111
568 349
97 904
733 618
755 27
706 310
512 293
308 638
794 887
643 229
99 618
696 686
63 637
892 22
636 563
688 681
549 828
829 888
808 813
433 775
309 340
662 867
752 475
66 715
857 616
41 708
617 66
452 496
832 190
797 721
682 231
395 657
588 495
594 595
260 253
216 84
869 28
179 142
57 861
307 784
215 540
345 602
163 775
824 347
819 363
574 338
214 325
506 96
724 500
855 239
449 451
625 443
213 153
36 788
481 495
130 305
760 612
441 279
868 305
329 102
322 200
345 152
111 704
453 25
543 499
414 12
611 240
492 5
114 74
57 826
780 663
228 203
878 487
733 480
99 270
634 26
428 748
748 63
607 85
654 841
26 473
519 270
602 782
77 408
459 9
283 481
150 800
395 454
770 300
727 91
191 264
460 182
576 633
599 538
361 603
660 577
883 219
213 185
611 860
413 1
290 641
210 705
118 291
825 601
454 657
519 99
552 701
561 827
728 618
315 384
772 439
609 655
629 186
377 833
898 454
451 673
764 490
301 27
780 693
432 463
595 360
235 532
594 444
770 30
847 781
494 848
185 153
449 829
77 475
447 536
308 499
20 206
417 343
595 272
826 28
889 34
389 278
472 616
355 448
509 84
9 4
436 462
620 448
822 811
29 788
294 333
365 424
410 664
566 758
420 544
682 18
714 545
392 551
66 83
757 768
642 555
631 63
190 500
537 373
112 658
565 71
288 518
466 357
659 849
196 831
173 182
712 842
784 511
747 148
485 712
905 31
866 358
592 197
818 273
591 715
10 219
4 862
869 461
9 351
210 479
80 833
36 29
626 247
725 586
614 327
642 585
207 841
83 409
304 734
567 268
840 424
875 516
176 136
848 174
243 175
905 667
899 681
713 314
469 138
383 187
319 780
324 619
558 369
471 395
141 362
143 661
82 488
848 683
137 855
794 285
94 711
428 504
529 865
119 113
488 761
13 1
412 467
850 355
16 842
313 89
592 20
504 168
98 809
123 829
799 899
833 787
493 346
12 329
221 480
94 116
211 736
146 390
267 425
259 362
373 624
252 23
807 498
386 195
179 643
54 897
806 149
806 551
595 444
250 792
169 845
433 78
62 321
15 523
776 444
372 745
901 787
17 894
414 369
289 842
482 422
286 872
565 224
737 287
367 192
606 304
176 105
623 463
553 342
763 845
799 586
218 423
772 411
61 711
378 586
239 525
843 522
726 873
319 326
177 396
255 151
773 767
844 225
666 569
108 688
551 149
554 514
752 287
116 225
629 501
250 823
15 7
436 698
432 705
289 484
610 596
385 291
581 544
60 35
761 306
199 512
888 375
872 297
118 385
432 589
556 431
502 501
171 545
309 693
223 694
483 384
504 343
41 164
530 656
533 248
858 603
837 507
574 273
821 627
29 170
340 651
572 39
256 358
196 238
612 132
470 241
377 80
692 126
456 648
552 144
43 869
800 55
3 309
202 249
464 235
623 867
484 242
434 718
48 460
895 126
391 557
471 505
370 546
558 839
899 415
230 375
236 453
877 639
347 744
59 498
497 257
668 50
233 339
708 518
597 138
327 649
198 791
201 195
24 657
22 511
323 27
354 54
759 641
491 736
72 626
526 365
347 717
484 16
53 802
46 300
336 549
152 343
85 42
570 749
53 639
779 805
251 675
122 346
229 828
68 110
558 263
108 113
769 720
74 394
732 901
3 326
682 404
886 44
275 252
51 305
809 653
726 406
489 53
197 785
311 621
749 827
877 802
93 279
565 455
271 865
123 888
197 605
859 461
209 314
757 299
669 187
380 165
273 338
857 47
226 647
704 668
587 488
755 176
71 697
568 870
69 408
166 730
814 603
285 186
786 830
269 798
792 894
272 627
202 119
770 46
474 745
458 876
458 231
402 531
560 162
684 466
895 656
765 38
41 900
660 407
529 476
559 533
318 546
632 678
769 46
666 11
526 870
258 363
602 152
539 528
274 507
86 254
547 239
548 850
665 154
645 477
852 874
530 126
669 433
793 555
315 709
796 206
852 190
317 324
289 240
830 328
314 299
194 756
196 849
792 399
465 213
447 149
289 157
510 594
323 261
314 227
652 904
634 650
578 601
372 29
371 579
822 719
679 40
191 284
125 467
330 615
652 358
597 265
453 65
410 21
43 57
274 719
281 616
793 642
810 768
68 588
383 405
263 891
567 406
121 5
539 132
317 214
133 124
469 118
799 415
140 38
533 205
48 644
269 171
7 854
666 801
407 21
178 655
487 528
131 285
422 253
103 218
441 588
608 38
167 208
262 235
295 887
33 891
131 302
68 370
691 856
622 705
846 548
64 153
40 874
128 622
173 232
559 205
378 847
301 348
75 390
337 283
632 128
179 634
435 148
686 425
792 76
589 678
169 465
410 102
831 721
286 741
713 398
67 243
593 282
898 160
599 180
636 651
379 651
606 364
165 781
760 97
104 13
14 491
585 647
678 622
836 613
427 802
759 146
282 193
308 210
474 372
661 613
166 542
832 785
653 284
446 341
685 199
84 649
868 51
818 574
665 810
725 837
391 418
374 19
551 310
889 203
438 476
821 444
300 30
561 421
708 550
879 107
717 706
361 354
567 295
352 24
445 520
336 26
770 565
771 175
843 779
58 720
505 264
56 533
285 212
738 553
822 544
714 603
43 261
457 253
127 890
753 834
32 535
181 89
2 165
722 676
450 266
416 394
654 129
105 805
617 83
385 387
296 220
521 656
537 881
226 391
640 838
311 223
262 532
416 554
540 584
37 49
198 376
846 375
308 347
388 181
832 789
861 261
676 135
69 671
249 612
740 900
421 195
670 573
502 629
601 700
359 867
548 125
902 371
773 220
709 517
896 188
117 136
119 256
495 670
370 318
57 368
490 45
336 893
607 545
593 193
552 758
549 473
237 675
886 188
774 699
576 379
255 183
733 728
64 185
563 160
472 47
217 323
684 843
37 875
255 703
260 780
236 541
23 55
766 571
781 238
157 614
233 12
778 162
566 542
677 793
723 896
747 435
699 512
763 169
709 718
593 695
820 88
209 768
95 364
492 830
39 282
690 249
808 584
839 615
147 266
446 100
376 791
245 624
352 305
361 814
709 434
585 664
234 782
510 658
298 117
392 310
118 138
509 429
754 158
885 356
542 6
71 672
325 324
499 638
363 801
691 125
286 297
869 826
889 277
136 600
275 70
697 671
553 425
307 19
386 201
585 555
176 805
233 6
236 399
53 427
872 246
86 879
320 583
654 750
884 325
419 90
335 903
728 32
562 870
518 775
654 10
660 847
797 863
17 811
271 115
109 344
556 162
523 387
93 68
337 259
662 538
210 775
52 360
879 885
331 151
461 28
373 245
665 254
764 45
875 100
367 813
435 93
581 274
566 552
250 907
151 673
646 422
257 735
716 525
228 540
455 31
847 238
432 478
79 13
225 771
81 698
696 502
288 78
886 33
797 401
296 767
268 611
463 478
773 159
680 686
345 343
527 248
727 739
127 316
662 121
15 489
441 782
729 762
160 92
560 172
673 864
898 851
807 906
