VERTICES = 166
EDGES = 197
84 55
129 155
137 12
26 18
80 87
82 151
146 51
16 133
1 99
11 43
70 3
162 154
104 85
101 4
105 40
131 123
153 100
77 71
160 109
143 148
141 83
72 125
47 42
25 52
73 67
27 91
86 94
78 65
30 139
7 13
23 44
53 89
55 45
155 17
12 140
18 93
87 46
151 138
51 121
133 32
99 90
43 147
3 92
154 102
85 56
4 79
40 152
123 81
100 96
71 106
109 142
148 69
83 33
125 157
42 76
52 5
67 15
91 74
94 103
65 118
139 120
13 145
44 63
89 127
60 84
134 129
88 137
117 26
19 80
114 82
10 146
132 16
59 1
111 11
115 70
31 162
21 104
110 101
58 105
29 131
98 153
159 77
166 160
144 143
37 141
57 72
112 47
14 25
130 73
34 27
122 86
35 78
41 30
24 7
164 23
149 53
45 61
17 50
140 75
93 107
46 28
138 38
121 113
32 126
90 39
147 136
92 8
102 62
56 54
79 124
152 116
81 68
96 22
106 6
142 97
69 150
33 2
157 128
76 9
5 163
15 66
74 108
103 48
118 158
120 95
145 20
63 119
127 64
61 60
50 134
75 88
107 117
28 19
38 114
113 10
126 132
39 59
136 111
8 115
62 31
54 21
124 110
116 58
68 29
22 98
6 159
97 166
150 144
2 37
128 57
9 112
163 14
66 130
108 34
48 122
158 35
95 41
20 24
119 164
64 149
98 60
159 134
166 88
144 117
37 19
57 114
112 10
14 132
130 59
34 111
122 115
35 31
41 21
24 110
164 58
149 29
130 98
34 159
122 166
35 144
41 37
24 57
164 112
149 14
41 130
24 34
164 122
149 35
164 41
149 24
149 164
84 36
79 49
15 135
122 156
133 161
88 165
