VERTICES = 43
EDGES = 529
24 2
2 26
26 28
28 7
7 1
1 40
40 16
16 18
18 24
19 12
12 29
29 14
14 20
20 36
36 33
33 30
30 4
4 19
24 19
24 12
24 29
24 14
24 20
24 36
24 33
24 30
24 4
2 19
2 12
2 29
2 14
2 20
2 36
2 33
2 30
2 4
26 19
26 12
26 29
26 14
26 20
26 36
26 33
26 30
26 4
28 19
28 12
28 29
28 14
28 20
28 36
28 33
28 30
28 4
7 19
7 12
7 29
7 14
7 20
7 36
7 33
7 30
7 4
1 19
1 12
1 29
1 14
1 20
1 36
1 33
1 30
1 4
40 19
40 12
40 29
40 14
40 20
40 36
40 33
40 30
40 4
16 19
16 12
16 29
16 14
16 20
16 36
16 33
16 30
16 4
18 19
18 12
18 29
18 14
18 20
18 36
18 33
18 30
18 4
15 22
22 17
17 10
10 41
41 34
34 27
27 37
37 32
32 15
5 25
25 23
23 6
6 3
3 21
21 13
13 35
35 11
11 5
15 5
15 25
15 23
15 6
15 3
15 21
15 13
15 35
15 11
22 5
22 25
22 23
22 6
22 3
22 21
22 13
22 35
22 11
17 5
17 25
17 23
17 6
17 3
17 21
17 13
17 35
17 11
10 5
10 25
10 23
10 6
10 3
10 21
10 13
10 35
10 11
41 5
41 25
41 23
41 6
41 3
41 21
41 13
41 35
41 11
34 5
34 25
34 23
34 6
34 3
34 21
34 13
34 35
34 11
27 5
27 25
27 23
27 6
27 3
27 21
27 13
27 35
27 11
37 5
37 25
37 23
37 6
37 3
37 21
37 13
37 35
37 11
32 5
32 25
32 23
32 6
32 3
32 21
32 13
32 35
32 11
24 15
24 22
24 17
24 10
24 41
24 34
24 27
24 37
24 32
24 5
24 25
24 23
24 6
24 3
24 21
24 13
24 35
24 11
2 15
2 22
2 17
2 10
2 41
2 34
2 27
2 37
2 32
2 5
2 25
2 23
2 6
2 3
2 21
2 13
2 35
2 11
26 15
26 22
26 17
26 10
26 41
26 34
26 27
26 37
26 32
26 5
26 25
26 23
26 6
26 3
26 21
26 13
26 35
26 11
28 15
28 22
28 17
28 10
28 41
28 34
28 27
28 37
28 32
28 5
28 25
28 23
28 6
28 3
28 21
28 13
28 35
28 11
7 15
7 22
7 17
7 10
7 41
7 34
7 27
7 37
7 32
7 5
7 25
7 23
7 6
7 3
7 21
7 13
7 35
7 11
1 15
1 22
1 17
1 10
1 41
1 34
1 27
1 37
1 32
1 5
1 25
1 23
1 6
1 3
1 21
1 13
1 35
1 11
40 15
40 22
40 17
40 10
40 41
40 34
40 27
40 37
40 32
40 5
40 25
40 23
40 6
40 3
40 21
40 13
40 35
40 11
16 15
16 22
16 17
16 10
16 41
16 34
16 27
16 37
16 32
16 5
16 25
16 23
16 6
16 3
16 21
16 13
16 35
16 11
18 15
18 22
18 17
18 10
18 41
18 34
18 27
18 37
18 32
18 5
18 25
18 23
18 6
18 3
18 21
18 13
18 35
18 11
19 15
19 22
19 17
19 10
19 41
19 34
19 27
19 37
19 32
19 5
19 25
19 23
19 6
19 3
19 21
19 13
19 35
19 11
12 15
12 22
12 17
12 10
12 41
12 34
12 27
12 37
12 32
12 5
12 25
12 23
12 6
12 3
12 21
12 13
12 35
12 11
29 15
29 22
29 17
29 10
29 41
29 34
29 27
29 37
29 32
29 5
29 25
29 23
29 6
29 3
29 21
29 13
29 35
29 11
14 15
14 22
14 17
14 10
14 41
14 34
14 27
14 37
14 32
14 5
14 25
14 23
14 6
14 3
14 21
14 13
14 35
14 11
20 15
20 22
20 17
20 10
20 41
20 34
20 27
20 37
20 32
20 5
20 25
20 23
20 6
20 3
20 21
20 13
20 35
20 11
36 15
36 22
36 17
36 10
36 41
36 34
36 27
36 37
36 32
36 5
36 25
36 23
36 6
36 3
36 21
36 13
36 35
36 11
33 15
33 22
33 17
33 10
33 41
33 34
33 27
33 37
33 32
33 5
33 25
33 23
33 6
33 3
33 21
33 13
33 35
33 11
30 15
30 22
30 17
30 10
30 41
30 34
30 27
30 37
30 32
30 5
30 25
30 23
30 6
30 3
30 21
30 13
30 35
30 11
4 15
4 22
4 17
4 10
4 41
4 34
4 27
4 37
4 32
4 5
4 25
4 23
4 6
4 3
4 21
4 13
4 35
4 11
24 31
12 9
7 8
30 43
19 38
1 39
18 42
