VERTICES = 215
EDGES = 1642
184 188
162 188
192 188
118 188
198 188
40 188
51 188
51 118
77 188
77 198
46 188
46 40
160 188
160 162
59 188
59 192
136 188
136 184
79 211
148 99
148 79
205 16
121 16
128 211
128 121
57 99
57 205
197 211
197 16
197 79
197 205
206 99
206 16
206 148
206 121
101 211
101 99
101 128
101 57
9 79
9 148
124 205
124 57
124 9
34 121
34 128
34 9
34 124
154 184
154 162
154 192
154 211
154 99
154 16
56 118
56 160
56 136
56 99
56 79
56 205
56 154
127 40
127 160
127 59
127 16
127 128
127 57
127 154
177 198
177 59
177 136
177 211
177 148
177 121
177 154
189 162
189 118
189 40
189 79
189 128
189 206
189 154
96 184
96 118
96 198
96 205
96 121
96 101
96 154
91 192
91 198
91 40
91 148
91 57
91 197
91 154
195 118
195 198
195 40
195 197
195 206
195 101
195 56
195 127
195 177
113 51
113 77
113 46
113 197
113 206
113 101
113 189
113 96
113 91
182 51
182 46
182 160
182 79
182 128
182 206
182 195
54 77
54 46
54 59
54 148
54 57
54 197
54 195
153 51
153 77
153 136
153 205
153 121
153 101
153 195
83 118
83 46
83 136
83 79
83 101
83 124
83 54
119 118
119 77
119 160
119 205
119 206
119 9
119 54
76 198
76 51
76 59
76 121
76 197
76 9
76 182
76 119
65 40
65 77
65 160
65 57
65 206
65 34
65 153
172 40
172 51
172 59
172 128
172 197
172 124
172 153
172 83
29 198
29 46
29 136
29 148
29 101
29 34
29 182
29 65
20 160
20 59
20 136
20 211
20 99
20 16
20 182
20 54
20 153
193 184
193 40
193 51
193 79
193 101
193 124
193 56
193 91
193 29
64 162
64 198
64 46
64 57
64 206
64 34
64 127
64 96
64 119
84 184
84 40
84 77
84 148
84 101
84 34
84 177
84 189
84 83
84 64
61 192
61 118
61 77
61 121
61 197
61 9
61 177
61 189
61 172
168 162
168 198
168 51
168 205
168 206
168 9
168 56
168 91
168 65
168 61
7 192
7 118
7 46
7 128
7 197
7 124
7 127
7 96
7 76
7 193
26 162
26 40
26 136
26 16
26 79
26 34
26 177
26 182
26 172
26 168
210 184
210 118
210 59
210 99
210 121
210 124
210 127
210 153
210 119
210 84
143 192
143 40
143 136
143 16
143 148
143 124
143 56
143 54
143 65
143 61
143 210
15 192
15 198
15 160
15 211
15 57
15 9
15 56
15 54
15 29
15 7
92 184
92 198
92 160
92 211
92 205
92 34
92 127
92 153
92 76
92 193
92 26
82 162
82 118
82 59
82 99
82 128
82 9
82 177
82 182
82 83
82 64
82 15
110 184
110 46
110 160
110 16
110 79
110 34
110 189
110 119
110 7
110 143
28 162
28 77
28 59
28 211
28 57
28 9
28 91
28 172
28 84
28 92
125 184
125 46
125 59
125 16
125 148
125 124
125 91
125 76
125 64
125 26
11 192
11 51
11 160
11 99
11 128
11 9
11 189
11 65
11 193
11 210
11 28
190 192
190 51
190 136
190 99
190 121
190 124
190 96
190 29
190 168
190 82
190 125
35 162
35 77
35 136
35 211
35 205
35 34
35 96
35 83
35 61
35 15
35 110
163 184
163 162
163 51
163 99
163 79
163 205
163 113
163 83
163 119
163 20
163 28
163 125
98 184
98 192
98 77
98 211
98 148
98 121
98 113
98 76
98 29
98 20
98 110
98 11
158 162
158 192
158 46
158 16
158 128
158 57
158 113
158 65
158 172
158 20
158 190
158 35
201 108
188 201
188 108
184 201
184 108
162 201
162 108
192 201
192 108
118 201
118 108
198 201
198 108
40 201
40 108
51 201
51 108
77 201
77 108
46 201
46 108
160 201
160 108
59 201
59 108
136 201
136 108
211 201
211 108
99 201
99 108
16 201
16 108
79 201
79 108
148 201
148 108
205 201
205 108
121 201
121 108
128 201
128 108
57 201
57 108
197 201
197 108
206 201
206 108
101 201
101 108
9 201
9 108
124 201
124 108
34 201
34 108
154 201
154 108
56 201
56 108
127 201
127 108
177 201
177 108
189 201
189 108
96 201
96 108
91 201
91 108
195 201
195 108
113 201
113 108
182 201
182 108
54 201
54 108
153 201
153 108
83 201
83 108
119 201
119 108
76 201
76 108
65 201
65 108
172 201
172 108
29 201
29 108
20 201
20 108
193 201
193 108
64 201
64 108
84 201
84 108
61 201
61 108
168 201
168 108
7 201
7 108
26 201
26 108
210 201
210 108
143 201
143 108
15 201
15 108
92 201
92 108
82 201
82 108
110 201
110 108
28 201
28 108
125 201
125 108
11 201
11 108
190 201
190 108
35 201
35 108
163 201
163 108
98 201
98 108
158 201
158 108
108 58
191 196
165 196
174 196
89 196
30 196
71 196
38 196
38 89
18 196
18 30
109 196
109 71
62 196
62 165
187 196
187 174
132 196
132 191
102 73
141 150
141 102
194 52
183 52
129 73
129 183
44 150
44 194
43 73
43 52
43 102
43 194
181 150
181 52
181 141
181 183
138 73
138 150
138 129
138 44
88 102
88 141
139 194
139 44
139 88
180 183
180 129
180 88
180 139
164 191
164 165
164 174
164 73
164 150
164 52
95 89
95 62
95 132
95 150
95 102
95 194
95 164
103 71
103 62
103 187
103 52
103 129
103 44
103 164
68 30
68 187
68 132
68 73
68 141
68 183
68 164
137 165
137 89
137 71
137 102
137 129
137 181
137 164
33 191
33 89
33 30
33 194
33 183
33 138
33 164
173 174
173 30
173 71
173 141
173 44
173 43
173 164
171 89
171 30
171 71
171 43
171 181
171 138
171 95
171 103
171 68
179 38
179 18
179 109
179 43
179 181
179 138
179 137
179 33
179 173
169 38
169 109
169 62
169 102
169 129
169 181
169 171
13 18
13 109
13 187
13 141
13 44
13 43
13 171
122 38
122 18
122 132
122 194
122 183
122 138
122 171
202 89
202 109
202 132
202 102
202 138
202 139
202 13
8 89
8 18
8 62
8 194
8 181
8 88
8 13
155 30
155 38
155 187
155 183
155 43
155 88
155 169
155 8
151 71
151 18
151 62
151 44
151 181
151 180
151 122
4 71
4 38
4 187
4 129
4 43
4 139
4 122
4 202
175 30
175 109
175 132
175 141
175 138
175 180
175 169
175 151
21 62
21 187
21 132
21 73
21 150
21 52
21 169
21 13
21 122
66 191
66 71
66 38
66 102
66 138
66 139
66 95
66 173
66 175
74 165
74 30
74 109
74 44
74 181
74 180
74 103
74 33
74 8
81 191
81 71
81 18
81 141
81 138
81 180
81 68
81 137
81 202
81 74
3 174
3 89
3 18
3 183
3 43
3 88
3 68
3 137
3 4
80 165
80 30
80 38
80 194
80 181
80 88
80 95
80 173
80 151
80 3
199 174
199 89
199 109
199 129
199 43
199 139
199 103
199 33
199 155
199 66
97 165
97 71
97 132
97 52
97 102
97 180
97 68
97 169
97 4
97 80
86 191
86 89
86 187
86 150
86 183
86 139
86 103
86 122
86 8
86 81
23 174
23 71
23 132
23 52
23 141
23 139
23 95
23 13
23 151
23 3
23 86
12 174
12 30
12 62
12 73
12 44
12 88
12 95
12 13
12 175
12 199
32 191
32 30
32 62
32 73
32 194
32 180
32 103
32 122
32 155
32 66
32 97
207 165
207 89
207 187
207 150
207 129
207 88
207 68
207 169
207 202
207 74
207 12
204 191
204 109
204 62
204 52
204 102
204 180
204 137
204 8
204 199
204 23
167 165
167 18
167 187
167 73
167 44
167 88
167 173
167 4
167 81
167 32
72 191
72 109
72 187
72 52
72 141
72 139
72 173
72 155
72 74
72 97
25 174
25 38
25 62
25 150
25 129
25 88
25 137
25 151
25 66
25 86
25 167
213 174
213 38
213 132
213 150
213 183
213 139
213 33
213 175
213 80
213 207
213 72
131 165
131 18
131 132
131 73
131 194
131 180
131 33
131 202
131 3
131 12
131 204
58 191
58 165
58 38
58 150
58 102
58 194
58 179
58 202
58 8
58 21
58 167
58 72
161 191
161 174
161 18
161 73
161 141
161 183
161 179
161 155
161 175
161 21
161 204
161 25
130 165
130 174
130 109
130 52
130 129
130 44
130 179
130 151
130 4
130 21
130 213
130 131
215 47
196 215
196 47
191 215
191 47
165 215
165 47
174 215
174 47
89 215
89 47
30 215
30 47
71 215
71 47
38 215
38 47
18 215
18 47
109 215
109 47
62 215
62 47
187 215
187 47
132 215
132 47
73 215
73 47
150 215
150 47
52 215
52 47
102 215
102 47
141 215
141 47
194 215
194 47
183 215
183 47
129 215
129 47
44 215
44 47
43 215
43 47
181 215
181 47
138 215
138 47
88 215
88 47
139 215
139 47
180 215
180 47
164 215
164 47
95 215
95 47
103 215
103 47
68 215
68 47
137 215
137 47
33 215
33 47
173 215
173 47
171 215
171 47
179 215
179 47
169 215
169 47
13 215
13 47
122 215
122 47
202 215
202 47
8 215
8 47
155 215
155 47
151 215
151 47
4 215
4 47
175 215
175 47
21 215
21 47
66 215
66 47
74 215
74 47
81 215
81 47
3 215
3 47
80 215
80 47
199 215
199 47
97 215
97 47
86 215
86 47
23 215
23 47
12 215
12 47
32 215
32 47
207 215
207 47
204 215
204 47
167 215
167 47
72 215
72 47
25 215
25 47
213 215
213 47
131 215
131 47
58 215
58 47
161 215
161 47
130 215
130 47
47 78
70 78
149 78
69 78
27 78
53 78
75 78
157 78
157 27
186 78
186 53
6 78
6 75
156 78
156 149
94 78
94 69
176 78
176 70
147 145
87 106
87 147
178 112
22 112
93 145
93 22
166 106
166 178
152 145
152 112
152 147
152 178
67 106
67 112
67 87
67 22
63 145
63 106
63 93
63 166
37 147
37 87
144 178
144 166
144 37
126 22
126 93
126 37
126 144
90 70
90 149
90 69
90 145
90 106
90 112
185 27
185 156
185 176
185 106
185 147
185 178
185 90
114 75
114 156
114 94
114 112
114 93
114 166
114 90
200 53
200 94
200 176
200 145
200 87
200 22
200 90
100 149
100 27
100 75
100 147
100 93
100 67
100 90
19 70
19 27
19 53
19 178
19 22
19 63
19 90
10 69
10 53
10 75
10 87
10 166
10 152
10 90
107 27
107 53
107 75
107 152
107 67
107 63
107 185
107 114
107 200
60 157
60 186
60 6
60 152
60 67
60 63
60 100
60 19
60 10
85 157
85 6
85 156
85 147
85 93
85 67
85 107
41 186
41 6
41 94
41 87
41 166
41 152
41 107
134 157
134 186
134 176
134 178
134 22
134 63
134 107
48 27
48 6
48 176
48 147
48 63
48 144
48 41
36 27
36 186
36 156
36 178
36 67
36 37
36 41
2 53
2 157
2 94
2 22
2 152
2 37
2 85
2 36
1 75
1 186
1 156
1 166
1 67
1 126
1 134
24 75
24 157
24 94
24 93
24 152
24 144
24 134
24 48
17 53
17 6
17 176
17 87
17 63
17 126
17 85
17 1
117 156
117 94
117 176
117 145
117 106
117 112
117 85
117 41
117 134
133 70
133 75
133 157
133 147
133 63
133 144
133 185
133 10
133 17
170 149
170 53
170 6
170 166
170 67
170 126
170 114
170 19
170 36
146 70
146 75
146 186
146 87
146 63
146 126
146 200
146 100
146 48
146 170
14 69
14 27
14 186
14 22
14 152
14 37
14 200
14 100
14 24
42 149
42 53
42 157
42 178
42 67
42 37
42 185
42 10
42 1
42 14
123 69
123 27
123 6
123 93
123 152
123 144
123 114
123 19
123 2
123 133
135 149
135 75
135 176
135 112
135 147
135 126
135 200
135 85
135 24
135 42
50 70
50 27
50 94
50 106
50 22
50 144
50 114
50 134
50 36
50 146
142 69
142 75
142 176
142 112
142 87
142 144
142 185
142 41
142 1
142 14
142 50
105 69
105 53
105 156
105 145
105 166
105 37
105 185
105 41
105 17
105 123
31 70
31 53
31 156
31 145
31 178
31 126
31 114
31 134
31 2
31 133
31 135
116 149
116 27
116 94
116 106
116 93
116 37
116 200
116 85
116 48
116 170
116 105
203 70
203 6
203 156
203 112
203 147
203 126
203 100
203 36
203 123
203 142
140 149
140 186
140 94
140 145
140 166
140 37
140 10
140 24
140 146
140 31
55 70
55 6
55 94
55 112
55 87
55 144
55 10
55 2
55 170
55 135
115 69
115 157
115 156
115 106
115 93
115 37
115 100
115 1
115 133
115 50
115 140
49 69
49 157
49 176
49 106
49 22
49 144
49 19
49 17
49 42
49 116
49 55
104 149
104 186
104 176
104 145
104 178
104 126
104 19
104 48
104 14
104 105
104 203
159 70
159 149
159 157
159 106
159 147
159 178
159 60
159 48
159 36
159 117
159 140
159 55
209 70
209 69
209 186
209 145
209 87
209 22
209 60
209 2
209 17
209 117
209 203
209 115
45 149
45 69
45 6
45 112
45 93
45 166
45 60
45 1
45 24
45 117
45 49
45 104
5 111
78 5
78 111
70 5
70 111
149 5
149 111
69 5
69 111
27 5
27 111
53 5
53 111
75 5
75 111
157 5
157 111
186 5
186 111
6 5
6 111
156 5
156 111
94 5
94 111
176 5
176 111
145 5
145 111
106 5
106 111
112 5
112 111
147 5
147 111
87 5
87 111
178 5
178 111
22 5
22 111
93 5
93 111
166 5
166 111
152 5
152 111
67 5
67 111
63 5
63 111
37 5
37 111
144 5
144 111
126 5
126 111
90 5
90 111
185 5
185 111
114 5
114 111
200 5
200 111
100 5
100 111
19 5
19 111
10 5
10 111
107 5
107 111
60 5
60 111
85 5
85 111
41 5
41 111
134 5
134 111
48 5
48 111
36 5
36 111
2 5
2 111
1 5
1 111
24 5
24 111
17 5
17 111
117 5
117 111
133 5
133 111
170 5
170 111
146 5
146 111
14 5
14 111
42 5
42 111
123 5
123 111
135 5
135 111
50 5
50 111
142 5
142 111
105 5
105 111
31 5
31 111
116 5
116 111
203 5
203 111
140 5
140 111
55 5
55 111
115 5
115 111
49 5
49 111
104 5
104 111
159 5
159 111
209 5
209 111
45 5
45 111
171 120
36 39
69 208
19 212
110 214
