VERTICES = 387
EDGES = 2502
43 186
186 148
148 83
83 318
318 43
43 85
186 85
148 85
83 85
318 85
85 25
85 21
85 39
85 119
85 267
25 21
21 39
39 119
119 267
267 25
119 109
318 109
85 109
148 109
83 109
39 109
21 109
25 109
43 109
267 109
186 109
109 237
109 31
109 336
109 55
109 71
109 365
109 6
109 136
109 153
109 222
109 165
153 165
165 55
55 71
71 31
31 153
153 336
165 336
55 336
71 336
31 336
336 136
336 6
336 365
336 237
336 222
136 6
6 365
365 237
237 222
222 136
365 374
21 374
6 374
31 374
25 374
39 374
43 374
186 374
55 374
136 374
109 374
336 374
237 374
71 374
119 374
83 374
267 374
148 374
153 374
85 374
222 374
165 374
318 374
374 45
374 12
374 228
374 273
374 28
374 173
374 340
374 141
374 334
374 350
374 364
374 97
374 319
374 358
374 62
374 107
374 111
374 118
374 145
374 72
374 243
374 185
374 178
340 141
141 118
118 107
107 178
178 340
340 72
141 72
118 72
107 72
178 72
72 28
72 12
72 173
72 62
72 111
28 12
12 173
173 62
62 111
111 28
62 364
178 364
72 364
118 364
107 364
173 364
12 364
28 364
340 364
111 364
141 364
364 319
364 273
364 97
364 334
364 358
364 45
364 228
364 350
364 145
364 243
364 185
145 185
185 334
334 358
358 273
273 145
145 97
185 97
334 97
358 97
273 97
97 350
97 228
97 45
97 319
97 243
350 228
228 45
45 319
319 243
243 350
111 139
228 139
148 139
118 139
334 139
85 139
237 139
340 139
350 139
72 139
55 139
243 139
136 139
173 139
71 139
45 139
319 139
267 139
119 139
12 139
165 139
153 139
374 139
97 139
273 139
141 139
358 139
222 139
28 139
62 139
83 139
109 139
364 139
145 139
336 139
365 139
43 139
107 139
186 139
39 139
318 139
31 139
25 139
6 139
185 139
178 139
21 139
139 90
139 33
139 76
139 135
139 321
139 53
139 296
139 132
139 289
139 51
139 344
139 68
139 254
139 60
139 255
139 345
139 126
139 284
139 112
139 309
139 59
139 369
139 191
139 322
139 110
139 122
139 188
139 329
139 214
139 305
139 361
139 202
139 82
139 332
139 161
139 113
139 100
139 124
139 367
139 2
139 30
139 207
139 138
139 88
139 368
139 94
139 378
100 367
367 76
76 361
361 30
30 100
100 53
367 53
76 53
361 53
30 53
53 138
53 378
53 2
53 112
53 284
138 378
378 2
2 112
112 284
284 138
112 202
30 202
53 202
76 202
361 202
2 202
378 202
138 202
100 202
284 202
367 202
202 296
202 207
202 161
202 344
202 255
202 113
202 88
202 254
202 369
202 329
202 59
369 59
59 344
344 255
255 207
207 369
369 161
59 161
344 161
255 161
207 161
161 254
161 88
161 113
161 296
161 329
254 88
88 113
113 296
296 329
329 254
113 191
378 191
88 191
207 191
138 191
2 191
100 191
367 191
344 191
254 191
202 191
161 191
296 191
255 191
112 191
361 191
284 191
76 191
369 191
53 191
329 191
59 191
30 191
191 345
191 309
191 33
191 110
191 214
191 60
191 132
191 122
191 321
191 289
191 82
191 322
191 126
191 188
191 305
191 124
191 90
191 135
191 332
191 51
191 68
191 368
191 94
132 122
122 135
135 124
124 94
94 132
132 51
122 51
135 51
124 51
94 51
51 214
51 309
51 60
51 305
51 90
214 309
309 60
60 305
305 90
90 214
305 82
94 82
51 82
135 82
124 82
60 82
309 82
214 82
132 82
90 82
122 82
82 126
82 110
82 322
82 321
82 188
82 345
82 33
82 289
82 332
82 68
82 368
332 368
368 321
321 188
188 110
110 332
332 322
368 322
321 322
188 322
110 322
322 289
322 33
322 345
322 126
322 68
289 33
33 345
345 126
126 68
68 289
113 257
100 257
88 257
185 257
6 257
255 257
71 257
254 257
112 257
305 257
340 257
107 257
12 257
319 257
202 257
318 257
59 257
122 257
28 257
332 257
289 257
124 257
322 257
136 257
296 257
139 257
76 257
374 257
119 257
364 257
135 257
126 257
43 257
90 257
132 257
329 257
55 257
51 257
31 257
191 257
345 257
344 257
109 257
25 257
186 257
21 257
222 257
321 257
33 257
39 257
53 257
358 257
365 257
45 257
336 257
361 257
165 257
68 257
62 257
97 257
83 257
369 257
273 257
178 257
111 257
284 257
141 257
110 257
2 257
60 257
214 257
153 257
368 257
188 257
267 257
118 257
82 257
173 257
161 257
350 257
145 257
30 257
138 257
243 257
72 257
367 257
237 257
85 257
207 257
309 257
334 257
94 257
148 257
378 257
228 257
257 80
257 196
257 269
257 182
257 218
257 298
257 259
257 50
257 67
257 172
257 61
257 200
257 37
257 244
257 89
257 42
257 216
257 181
257 87
257 282
257 262
257 231
257 357
257 252
257 376
257 333
257 129
257 99
257 379
257 131
257 338
257 292
257 316
257 57
257 154
257 84
257 339
257 149
257 206
257 35
257 380
257 103
257 120
257 276
257 10
257 224
257 247
257 142
257 134
257 52
257 93
257 168
257 162
257 106
257 348
257 18
257 38
257 9
257 299
257 44
257 286
257 223
257 130
257 150
257 147
257 370
257 40
257 79
257 128
257 238
257 171
257 24
257 359
257 19
257 41
257 248
257 184
257 146
257 303
257 317
257 315
257 192
257 373
257 356
257 91
257 235
257 104
257 14
257 234
257 121
257 101
257 203
257 275
257 383
257 258
316 10
10 275
275 286
286 42
42 316
316 14
10 14
275 14
286 14
42 14
14 276
14 224
14 52
14 379
14 41
276 224
224 52
52 379
379 41
41 276
379 120
42 120
14 120
275 120
286 120
52 120
224 120
276 120
316 120
41 120
10 120
120 104
120 206
120 348
120 339
120 259
120 162
120 218
120 252
120 24
120 247
120 38
24 38
38 339
339 259
259 206
206 24
24 348
38 348
339 348
259 348
206 348
348 252
348 218
348 162
348 104
348 247
252 218
218 162
162 104
104 247
247 252
162 99
224 99
218 99
206 99
276 99
52 99
316 99
10 99
339 99
252 99
120 99
348 99
104 99
259 99
379 99
286 99
41 99
275 99
24 99
14 99
247 99
38 99
42 99
99 106
99 37
99 258
99 130
99 87
99 146
99 61
99 40
99 101
99 317
99 131
99 44
99 244
99 168
99 299
99 200
99 147
99 248
99 315
99 91
99 356
99 182
99 150
61 40
40 248
248 200
200 150
150 61
61 91
40 91
248 91
200 91
150 91
91 87
91 37
91 146
91 299
91 147
87 37
37 146
146 299
299 147
147 87
299 131
150 131
91 131
248 131
200 131
146 131
37 131
87 131
61 131
147 131
40 131
131 244
131 130
131 44
131 101
131 168
131 106
131 258
131 317
131 315
131 356
131 182
315 182
182 101
101 168
168 130
130 315
315 44
182 44
101 44
168 44
130 44
44 317
44 258
44 106
44 244
44 356
317 258
258 106
106 244
244 356
356 317
147 333
258 333
275 333
248 333
101 333
14 333
104 333
61 333
317 333
91 333
339 333
356 333
252 333
146 333
259 333
106 333
244 333
41 333
379 333
37 333
38 333
24 333
99 333
44 333
130 333
40 333
168 333
247 333
87 333
299 333
286 333
120 333
131 333
315 333
348 333
162 333
316 333
200 333
10 333
52 333
42 333
206 333
276 333
218 333
182 333
150 333
224 333
333 57
333 134
333 129
333 338
333 142
333 93
333 376
333 154
333 262
333 149
333 103
333 9
333 50
333 238
333 298
333 380
333 292
333 370
333 67
333 121
333 216
333 223
333 35
333 357
333 79
333 181
333 19
333 84
333 171
333 172
333 18
333 89
333 184
333 282
333 303
333 80
333 196
333 231
333 235
333 128
333 192
333 234
333 373
333 269
333 359
333 203
333 383
196 235
235 129
129 18
18 192
192 196
196 93
235 93
129 93
18 93
192 93
93 373
93 383
93 128
93 67
93 370
373 383
383 128
128 67
67 370
370 373
67 89
192 89
93 89
129 89
18 89
128 89
383 89
373 89
196 89
370 89
235 89
89 376
89 234
89 303
89 103
89 298
89 80
89 269
89 50
89 223
89 84
89 216
223 216
216 103
103 298
298 234
234 223
223 303
216 303
103 303
298 303
234 303
303 50
303 269
303 80
303 376
303 84
50 269
269 80
80 376
376 84
84 50
80 35
383 35
269 35
234 35
373 35
128 35
196 35
235 35
103 35
50 35
89 35
303 35
376 35
298 35
67 35
18 35
370 35
129 35
223 35
93 35
84 35
216 35
192 35
35 380
35 121
35 134
35 79
35 171
35 238
35 154
35 181
35 142
35 262
35 184
35 357
35 292
35 19
35 172
35 231
35 57
35 338
35 282
35 149
35 9
35 359
35 203
154 181
181 338
338 231
231 203
203 154
154 149
181 149
338 149
231 149
203 149
149 171
149 121
149 238
149 172
149 57
171 121
121 238
238 172
172 57
57 171
172 184
203 184
149 184
338 184
231 184
238 184
121 184
171 184
154 184
57 184
181 184
184 292
184 79
184 357
184 142
184 19
184 380
184 134
184 262
184 282
184 9
184 359
282 359
359 142
142 19
19 79
79 282
282 357
359 357
142 357
19 357
79 357
357 262
357 134
357 380
357 292
357 9
262 134
134 380
380 292
292 9
9 262
248 249
350 249
369 249
334 249
149 249
269 249
19 249
379 249
67 249
262 249
255 249
223 249
356 249
119 249
228 249
60 249
25 249
273 249
42 249
62 249
178 249
172 249
109 249
321 249
84 249
329 249
97 249
57 249
247 249
37 249
252 249
299 249
82 249
276 249
126 249
367 249
289 249
161 249
31 249
182 249
378 249
130 249
257 249
333 249
120 249
196 249
200 249
259 249
218 249
188 249
365 249
142 249
357 249
336 249
68 249
154 249
61 249
145 249
339 249
110 249
207 249
50 249
90 249
89 249
12 249
332 249
237 249
53 249
361 249
184 249
94 249
9 249
162 249
44 249
35 249
267 249
338 249
202 249
83 249
85 249
131 249
243 249
30 249
51 249
153 249
148 249
136 249
2 249
368 249
181 249
124 249
33 249
104 249
134 249
111 249
80 249
376 249
99 249
138 249
93 249
222 249
317 249
309 249
206 249
231 249
214 249
165 249
146 249
113 249
284 249
345 249
87 249
118 249
168 249
244 249
216 249
380 249
129 249
316 249
10 249
132 249
298 249
374 249
141 249
135 249
358 249
186 249
103 249
43 249
282 249
150 249
52 249
79 249
348 249
224 249
45 249
106 249
40 249
39 249
21 249
292 249
344 249
147 249
370 249
24 249
191 249
18 249
286 249
128 249
383 249
55 249
192 249
38 249
315 249
171 249
122 249
364 249
296 249
72 249
107 249
303 249
319 249
139 249
238 249
76 249
359 249
41 249
322 249
112 249
28 249
318 249
373 249
203 249
59 249
14 249
173 249
71 249
91 249
101 249
340 249
235 249
305 249
254 249
234 249
121 249
6 249
275 249
185 249
88 249
258 249
100 249
249 78
249 116
249 287
249 239
249 175
249 283
249 137
249 86
249 1
249 34
249 179
249 268
249 310
249 114
249 167
249 377
249 211
249 105
249 212
249 193
249 233
249 32
249 240
249 194
249 360
249 354
249 251
249 295
249 372
249 95
249 15
249 285
249 382
249 201
249 291
249 66
249 54
249 245
249 387
249 75
249 241
249 46
249 246
249 301
249 270
249 274
249 195
249 221
249 304
249 98
249 108
249 152
249 328
249 69
249 325
249 260
249 226
249 63
249 327
249 125
249 281
249 229
249 265
249 3
249 264
249 160
249 17
249 219
249 49
249 272
249 8
249 266
249 312
249 288
249 375
249 385
249 236
249 27
249 261
249 183
249 213
249 352
249 74
249 331
249 330
249 204
249 347
249 5
249 217
249 277
249 351
249 56
249 190
249 115
249 11
249 96
249 73
249 123
249 294
249 26
249 77
249 198
249 220
249 166
249 48
249 209
249 177
249 253
249 117
249 47
249 174
249 271
249 158
249 293
249 225
249 232
249 163
249 58
249 65
249 189
249 366
249 300
249 36
249 64
249 156
249 341
249 143
249 337
249 306
249 297
249 384
249 127
249 155
249 151
249 263
249 205
249 256
249 278
249 22
249 180
249 70
249 363
249 144
249 313
249 208
249 169
249 290
249 16
249 230
249 362
249 159
249 215
249 324
249 342
249 227
249 7
249 311
249 280
249 349
249 335
249 20
249 242
249 140
249 23
249 250
249 323
249 170
249 355
249 197
249 346
249 164
249 4
249 102
249 157
249 133
249 307
249 29
249 187
249 343
249 176
249 199
249 353
249 81
249 314
249 13
249 371
249 308
249 320
249 210
249 279
249 326
306 143
143 204
204 261
261 164
164 306
306 183
143 183
204 183
261 183
164 183
183 211
183 180
183 22
183 114
183 385
211 180
180 22
22 114
114 385
385 211
114 240
164 240
183 240
204 240
261 240
22 240
180 240
211 240
306 240
385 240
143 240
240 17
240 387
240 69
240 159
240 29
240 108
240 371
240 347
240 330
240 77
240 177
330 177
177 159
159 29
29 387
387 330
330 69
177 69
159 69
29 69
387 69
69 347
69 371
69 108
69 17
69 77
347 371
371 108
108 17
17 77
77 347
108 36
180 36
371 36
387 36
211 36
22 36
306 36
143 36
159 36
347 36
240 36
69 36
17 36
29 36
114 36
261 36
385 36
204 36
330 36
183 36
77 36
177 36
164 36
36 205
36 264
36 167
36 105
36 346
36 307
36 176
36 64
36 239
36 116
36 311
36 251
36 242
36 341
36 193
36 335
36 11
36 158
36 63
36 349
36 352
36 320
36 233
176 64
64 158
158 335
335 233
233 176
176 349
64 349
158 349
335 349
233 349
349 346
349 264
349 307
349 193
349 11
346 264
264 307
307 193
193 11
11 346
193 311
233 311
349 311
158 311
335 311
307 311
264 311
346 311
176 311
11 311
64 311
311 242
311 105
311 251
311 239
311 341
311 205
311 167
311 116
311 63
311 352
311 320
63 320
320 239
239 341
341 105
105 63
63 251
320 251
239 251
341 251
105 251
251 116
251 167
251 205
251 242
251 352
116 167
167 205
205 242
242 352
352 116
11 140
167 140
204 140
158 140
239 140
183 140
17 140
176 140
116 140
349 140
159 140
352 140
347 140
307 140
29 140
205 140
242 140
385 140
114 140
264 140
177 140
330 140
36 140
251 140
105 140
64 140
341 140
77 140
346 140
193 140
261 140
240 140
311 140
63 140
69 140
108 140
306 140
335 140
143 140
22 140
164 140
387 140
211 140
371 140
320 140
233 140
180 140
140 265
140 56
140 250
140 156
140 194
140 219
140 280
140 366
140 54
140 331
140 363
140 325
140 81
140 377
140 179
140 174
140 291
140 47
140 197
140 220
140 157
140 287
140 169
140 355
140 125
140 7
140 98
140 354
140 209
140 353
140 49
140 27
140 382
140 160
140 245
140 117
140 326
140 351
140 66
140 5
140 74
140 281
140 294
140 210
140 217
140 8
140 241
326 66
66 250
250 49
49 74
74 326
326 219
66 219
250 219
49 219
74 219
219 294
219 241
219 5
219 197
219 47
294 241
241 5
5 197
197 47
47 294
197 27
74 27
219 27
250 27
49 27
5 27
241 27
294 27
326 27
47 27
66 27
27 280
27 281
27 245
27 363
27 179
27 117
27 210
27 81
27 287
27 354
27 157
287 157
157 363
363 179
179 281
281 287
287 245
157 245
363 245
179 245
281 245
245 81
245 210
245 117
245 280
245 354
81 210
210 117
117 280
280 354
354 81
117 169
241 169
210 169
281 169
294 169
5 169
326 169
66 169
363 169
81 169
27 169
245 169
280 169
179 169
197 169
49 169
47 169
250 169
287 169
219 169
354 169
157 169
74 169
169 174
169 220
169 56
169 125
169 209
169 377
169 366
169 7
169 194
169 54
169 382
169 355
169 291
169 98
169 353
169 351
169 265
169 156
169 160
169 331
169 325
169 217
169 8
366 7
7 156
156 351
351 8
8 366
366 331
7 331
156 331
351 331
8 331
331 209
331 220
331 377
331 353
331 265
209 220
220 377
377 353
353 265
265 209
353 382
8 382
331 382
156 382
351 382
377 382
220 382
209 382
366 382
265 382
7 382
382 291
382 125
382 355
382 194
382 98
382 174
382 56
382 54
382 160
382 325
382 217
160 217
217 194
194 98
98 125
125 160
160 355
217 355
194 355
98 355
125 355
355 54
355 56
355 174
355 291
355 325
54 56
56 174
174 291
291 325
325 54
117 246
326 246
210 246
320 246
371 246
179 246
29 246
81 246
197 246
353 246
176 246
335 246
264 246
242 246
27 246
164 246
157 246
7 246
346 246
160 246
54 246
351 246
355 246
347 246
280 246
140 246
250 246
36 246
114 246
311 246
156 246
291 246
306 246
265 246
366 246
354 246
159 246
331 246
387 246
169 246
174 246
363 246
240 246
211 246
143 246
180 246
77 246
194 246
56 246
22 246
219 246
341 246
108 246
205 246
69 246
49 246
177 246
325 246
193 246
251 246
261 246
287 246
105 246
233 246
11 246
47 246
64 246
125 246
5 246
377 246
209 246
330 246
217 246
98 246
385 246
158 246
382 246
307 246
245 246
116 246
63 246
74 246
294 246
352 246
349 246
66 246
17 246
183 246
281 246
220 246
239 246
8 246
204 246
241 246
167 246
246 96
246 274
246 283
246 75
246 304
246 300
246 221
246 229
246 1
246 32
246 226
246 195
246 95
246 225
246 3
246 212
246 232
246 277
246 271
246 297
246 34
246 48
246 328
246 15
246 73
246 301
246 58
246 123
246 86
246 213
246 236
246 70
246 65
246 295
246 260
246 360
246 327
246 175
246 166
246 375
246 163
246 337
246 270
246 201
246 189
246 263
246 372
246 152
246 115
246 127
246 26
246 293
246 312
246 256
246 151
246 290
246 324
246 266
246 285
246 288
246 16
246 268
246 46
246 384
246 144
246 313
246 278
246 155
246 230
246 23
246 227
246 208
246 323
246 137
246 170
246 78
246 272
246 253
246 20
246 198
246 342
246 215
246 4
246 310
246 187
246 199
246 190
246 133
246 314
246 13
246 343
246 102
246 308
246 362
246 279
65 189
189 308
308 16
16 212
212 65
65 133
189 133
308 133
16 133
212 133
133 201
133 263
133 127
133 86
133 170
201 263
263 127
127 86
86 170
170 201
86 270
212 270
133 270
308 270
16 270
127 270
263 270
201 270
65 270
170 270
189 270
270 190
270 166
270 151
270 327
270 221
270 312
270 304
270 15
270 208
270 372
270 324
208 324
324 327
327 221
221 166
166 208
208 151
324 151
327 151
221 151
166 151
151 15
151 304
151 312
151 190
151 372
15 304
304 312
312 190
190 372
372 15
312 123
263 123
304 123
166 123
201 123
127 123
65 123
189 123
327 123
15 123
270 123
151 123
190 123
221 123
86 123
16 123
170 123
308 123
208 123
133 123
372 123
324 123
212 123
123 256
123 95
123 279
123 46
123 271
123 253
123 226
123 278
123 343
123 198
123 213
123 288
123 225
123 293
123 285
123 195
123 144
123 78
123 342
123 187
123 310
123 75
123 384
226 278
278 78
78 195
195 384
384 226
226 187
278 187
78 187
195 187
384 187
187 271
187 95
187 253
187 285
187 144
271 95
95 253
253 285
285 144
144 271
285 213
384 213
187 213
78 213
195 213
253 213
95 213
271 213
226 213
144 213
278 213
213 225
213 46
213 288
213 343
213 293
213 256
213 279
213 198
213 342
213 310
213 75
342 75
75 343
343 293
293 46
46 342
342 288
75 288
343 288
293 288
46 288
288 198
288 279
288 256
288 225
288 310
198 279
279 256
256 225
225 310
310 198
144 301
279 301
308 301
78 301
343 301
133 301
190 301
226 301
198 301
187 301
327 301
310 301
15 301
253 301
221 301
256 301
225 301
170 301
86 301
95 301
324 301
208 301
123 301
288 301
46 301
278 301
293 301
372 301
271 301
285 301
16 301
270 301
213 301
342 301
151 301
312 301
65 301
195 301
189 301
127 301
212 301
166 301
201 301
304 301
75 301
384 301
263 301
301 295
301 115
301 58
301 236
301 152
301 26
301 73
301 260
301 34
301 175
301 337
301 266
301 229
301 23
301 300
301 163
301 70
301 313
301 1
301 13
301 232
301 268
301 375
301 328
301 155
301 277
301 137
301 360
301 227
301 32
301 290
301 3
301 272
301 297
301 20
301 96
301 274
301 48
301 199
301 230
301 215
301 314
301 4
301 283
301 323
301 102
301 362
274 199
199 58
58 290
290 215
215 274
274 26
199 26
58 26
290 26
215 26
26 4
26 362
26 230
26 1
26 313
4 362
362 230
230 1
1 313
313 4
1 3
215 3
26 3
58 3
290 3
230 3
362 3
4 3
274 3
313 3
199 3
3 73
3 314
3 20
3 337
3 300
3 96
3 283
3 229
3 268
3 360
3 232
268 232
232 337
337 300
300 314
314 268
268 20
232 20
337 20
300 20
314 20
20 229
20 283
20 96
20 73
20 360
229 283
283 96
96 73
73 360
360 229
96 375
362 375
283 375
314 375
4 375
230 375
274 375
199 375
337 375
229 375
3 375
20 375
73 375
300 375
1 375
290 375
313 375
58 375
268 375
26 375
360 375
232 375
215 375
375 163
375 13
375 115
375 155
375 227
375 23
375 260
375 277
375 152
375 34
375 272
375 328
375 70
375 137
375 32
375 48
375 295
375 236
375 297
375 175
375 266
375 323
375 102
260 277
277 236
236 48
48 102
102 260
260 175
277 175
236 175
48 175
102 175
175 227
175 13
175 23
175 32
175 295
227 13
13 23
23 32
32 295
295 227
32 272
102 272
175 272
236 272
48 272
23 272
13 272
227 272
260 272
295 272
277 272
272 70
272 155
272 328
272 152
272 137
272 163
272 115
272 34
272 297
272 266
272 323
297 323
323 152
152 137
137 155
155 297
297 328
323 328
152 328
137 328
155 328
328 34
328 115
328 163
328 70
328 266
34 115
115 163
163 70
70 266
266 34
312 92
84 302
77 381
288 386
