VERTICES = 529
EDGES = 271
525 526
526 527
519 517
145 518
499 486
304 489
475 503
471 452
465 505
493 19
494 400
508 408
482 476
441 388
437 376
267 439
451 35
484 450
5 438
216 371
41 121
65 370
275 151
96 364
147 50
418 81
80 106
480 347
453 122
501 232
254 427
404 409
51 381
2 150
430 85
394 55
305 206
79 365
485 188
278 520
366 306
45 182
524 3
154 139
149 71
9 215
346 432
386 29
39 281
212 434
266 141
469 320
251 207
321 90
329 382
423 431
8 164
201 133
357 187
392 136
68 77
175 44
111 87
113 522
211 360
349 58
456 88
308 350
368 291
172 353
223 406
129 343
21 17
205 309
426 99
34 159
137 395
86 179
97 177
219 279
303 307
316 43
105 379
84 242
91 227
199 192
23 301
208 98
241 399
231 397
340 402
515 103
263 52
289 32
100 243
445 162
217 422
12 203
114 108
449 131
260 276
30 144
460 57
33 1
412 213
488 224
225 258
226 115
125 195
282 56
94 140
165 367
78 513
361 337
110 253
104 274
28 269
235 67
407 502
120 435
310 277
173 396
228 318
191 40
119 244
455 497
204 319
390 351
249 330
268 64
180 342
62 362
127 42
221 156
53 335
385 174
183 163
313 322
146 315
398 101
69 414
262 327
118 334
440 324
421 454
355 295
130 185
413 273
509 436
296 416
264 377
410 314
117 345
89 126
429 472
27 233
47 190
7 229
280 61
36 474
326 248
514 66
288 287
128 239
168 75
92 46
189 54
250 22
124 155
272 403
256 171
417 157
178 294
148 487
299 373
14 184
297 255
82 13
240 135
325 181
73 411
261 31
344 283
238 257
333 202
102 218
210 112
83 300
317 214
170 38
420 152
186 18
387 389
247 167
194 470
270 245
447 292
246 285
116 95
424 336
293 506
352 176
433 138
521 72
252 234
374 134
37 496
109 298
236 153
26 166
123 375
290 311
237 312
332 331
444 60
160 302
132 419
107 222
196 198
463 358
341 328
369 401
230 359
76 478
220 271
495 405
415 259
49 393
209 169
498 11
265 15
354 142
383 380
458 200
93 384
363 442
348 59
143 378
286 372
507 443
356 63
425 193
16 70
48 457
197 461
459 391
473 462
468 479
323 10
467 490
448 25
161 446
74 483
491 20
466 464
481 158
492 428
4 24
338 284
477 6
6 500
500 339
339 511
511 504
504 512
512 510
510 477
516 523
527 528
528 529
529 525
