VERTICES = 206
EDGES = 961
104 23
104 80
104 102
104 71
104 34
170 156
170 149
170 62
170 25
170 99
170 39
170 77
170 136
27 90
27 188
27 45
27 153
27 204
27 97
151 42
151 59
151 21
151 115
151 13
151 55
151 134
151 106
151 171
151 165
151 16
42 179
42 95
42 80
42 44
42 2
42 76
42 131
166 141
166 168
166 35
166 135
166 185
166 144
166 66
166 143
90 196
90 156
90 105
90 147
90 149
90 98
90 25
90 120
90 163
90 197
31 120
31 55
31 14
31 44
31 107
31 164
31 83
31 190
31 17
40 69
40 112
40 41
40 97
40 50
40 87
40 106
40 14
40 37
40 52
118 98
118 97
118 60
118 182
118 67
118 20
118 191
118 162
118 131
196 124
196 94
196 29
196 187
196 204
196 35
196 150
196 189
196 38
196 162
196 26
196 131
196 75
156 105
156 203
156 198
156 102
156 67
156 136
156 165
156 8
156 155
156 73
123 145
123 176
123 4
123 49
123 198
123 204
123 9
123 18
123 129
123 61
123 121
123 77
123 32
145 110
145 154
145 96
145 168
145 115
145 11
145 20
145 163
124 149
124 117
124 193
124 120
124 128
124 24
124 44
124 190
124 200
124 140
148 78
148 179
148 59
148 4
148 25
148 54
148 71
148 186
148 11
148 5
148 82
148 44
148 26
148 174
148 32
22 59
22 64
22 167
22 56
22 128
22 135
22 55
22 132
22 171
22 190
22 75
22 30
100 103
100 70
100 167
100 194
100 96
100 168
100 92
100 14
100 101
100 76
100 37
100 181
100 200
127 69
127 199
127 111
127 138
127 169
127 7
127 139
127 66
69 116
69 20
69 161
78 47
78 50
78 106
78 159
78 14
78 6
103 176
103 183
103 147
103 160
103 204
103 129
103 65
103 57
103 186
103 14
103 38
103 191
103 32
103 16
176 119
176 45
176 62
176 25
176 57
176 150
176 1
176 24
176 191
176 200
176 155
188 154
188 158
188 49
188 61
188 130
188 163
188 159
110 202
110 105
110 47
110 129
110 61
110 13
110 53
110 106
110 1
110 139
110 107
110 66
179 56
179 62
179 153
179 128
179 135
179 54
179 58
179 144
179 139
179 191
179 17
179 181
179 32
179 34
179 155
179 173
183 70
183 95
183 99
183 13
183 36
183 173
63 154
63 137
63 80
63 62
63 98
63 130
63 55
63 33
63 182
63 184
63 133
63 76
63 113
63 32
23 203
23 138
23 169
23 97
23 93
23 182
23 81
108 152
108 50
108 130
108 93
108 37
108 190
108 114
70 199
70 149
70 158
70 43
70 122
70 85
70 72
70 92
70 44
70 38
70 19
70 3
70 165
202 97
202 87
202 134
202 191
178 95
178 138
178 116
178 18
178 87
178 57
178 159
178 38
178 37
199 85
199 33
199 163
199 190
199 173
105 68
105 99
105 43
105 106
157 194
157 91
157 153
157 168
157 132
157 150
157 86
157 26
95 119
95 138
95 79
95 61
95 71
95 114
95 165
95 30
172 142
172 25
172 126
172 93
172 82
172 139
172 164
172 101
172 143
172 8
172 155
68 47
68 117
68 120
68 39
68 46
68 65
68 93
68 92
68 101
68 83
68 140
68 8
147 29
147 99
147 28
59 149
59 21
59 47
59 115
59 50
59 7
59 162
59 140
111 129
111 60
111 57
111 171
111 82
111 133
111 66
111 114
154 149
154 198
154 180
154 39
154 132
154 58
154 72
154 5
154 14
154 66
154 17
154 52
142 119
142 152
142 198
142 47
142 12
142 53
142 161
142 131
142 114
4 194
4 89
4 204
4 132
4 92
4 155
203 149
203 47
203 153
203 25
203 18
203 126
203 200
203 155
64 43
64 7
64 122
64 71
64 93
64 19
64 113
137 158
137 192
137 88
137 61
137 130
137 33
149 88
149 29
149 153
149 93
149 182
149 66
149 84
149 17
119 98
119 54
119 182
119 3
119 36
158 60
158 144
158 107
158 101
158 34
158 155
192 62
192 9
192 130
192 71
192 20
192 82
192 77
192 37
167 153
167 129
167 61
167 74
167 106
167 144
167 2
167 26
167 36
21 117
21 204
21 99
21 182
21 144
21 26
109 96
109 85
109 66
109 37
109 73
80 180
80 94
80 39
80 122
80 134
80 33
80 32
80 16
88 6
88 75
88 174
88 73
152 206
152 89
152 132
152 20
152 173
45 98
45 99
45 135
45 20
45 200
56 25
56 193
56 168
56 79
56 130
56 121
56 38
56 191
56 114
56 16
56 155
206 43
206 74
206 106
206 171
206 92
206 14
206 30
62 12
62 115
62 50
62 134
62 84
62 2
62 162
62 181
62 75
98 194
98 135
98 15
98 6
98 191
112 102
112 135
112 43
112 134
112 2
112 86
112 173
146 47
146 96
146 25
146 60
146 93
146 189
146 107
146 37
49 160
49 204
49 135
49 74
49 50
49 87
49 171
49 6
49 36
49 8
41 204
41 97
41 186
41 11
41 144
41 107
41 101
41 177
41 30
198 99
198 61
198 55
180 29
180 141
180 58
180 144
180 139
194 9
194 79
194 51
160 25
160 115
160 33
160 150
160 20
91 187
91 25
91 61
91 74
91 15
91 52
94 47
94 50
94 85
47 38
47 66
47 140
29 93
29 20
29 66
29 114
29 173
96 35
96 159
96 14
96 184
138 81
138 136
138 38
153 117
153 168
153 35
153 99
153 46
153 53
153 134
153 189
153 107
153 37
153 155
12 120
12 129
12 93
12 150
12 184
141 18
141 54
141 53
141 189
141 92
141 2
117 35
117 129
117 58
117 20
117 52
89 128
89 35
89 79
89 46
89 71
89 33
89 92
102 187
102 168
102 129
102 71
102 53
102 86
102 177
102 36
102 8
169 46
169 53
169 11
169 113
169 16
187 106
187 114
187 34
25 193
25 74
25 55
25 132
25 5
193 128
193 168
193 15
193 107
193 143
193 73
120 35
204 13
204 67
204 1
204 191
128 82
128 144
128 3
168 116
168 65
168 197
168 3
97 50
35 39
35 50
35 55
35 106
35 1
35 38
35 181
35 75
35 200
35 30
35 8
99 46
99 121
99 133
99 191
99 190
99 140
115 15
115 66
115 190
115 114
115 30
9 43
9 126
9 67
9 38
9 76
39 15
39 132
39 163
39 77
39 181
79 71
79 93
79 11
79 82
79 1
79 184
79 2
135 61
135 93
135 184
135 177
135 162
116 150
116 83
18 185
18 133
18 140
43 132
43 121
43 73
46 61
46 134
46 121
46 82
46 86
46 143
129 74
129 7
129 71
129 53
129 107
129 6
129 34
129 173
61 76
54 132
54 53
54 186
54 171
54 37
54 131
54 174
51 58
51 144
51 6
51 2
51 162
74 66
74 86
74 177
74 200
50 132
50 93
50 5
50 76
15 122
15 86
15 131
87 185
87 77
87 184
87 101
87 197
130 132
130 37
130 26
130 181
130 140
130 73
60 58
60 122
60 82
60 14
60 140
65 132
65 92
65 14
65 83
65 48
13 71
13 85
13 37
13 181
55 106
7 139
7 191
7 26
57 185
57 33
57 182
57 121
57 131
185 58
185 71
185 107
185 114
132 52
58 171
58 28
58 159
58 133
58 3
58 155
122 67
122 20
122 1
122 77
122 140
71 93
71 33
71 190
71 36
71 173
126 134
126 28
126 136
126 19
126 162
126 114
134 38
134 177
85 189
85 2
85 48
186 101
186 19
106 11
106 184
106 161
106 66
106 86
106 177
171 37
171 26
171 73
93 163
93 131
93 36
33 150
33 76
182 189
182 38
182 84
182 177
182 131
150 159
67 1
67 14
67 136
67 190
20 66
20 101
20 76
72 159
72 136
163 5
163 101
163 36
121 144
5 189
5 184
5 66
5 86
81 44
81 84
81 197
81 162
81 143
81 131
81 30
82 36
28 133
28 86
28 17
28 36
189 24
189 8
189 155
1 131
1 173
1 73
24 19
24 37
77 44
77 37
77 16
77 200
159 144
159 83
159 165
144 143
44 164
44 101
44 177
44 75
184 16
136 114
133 174
38 162
139 75
107 3
107 165
107 140
164 37
6 177
191 66
191 2
191 19
84 32
101 17
101 131
101 16
2 19
2 32
86 162
86 143
86 165
177 76
76 19
76 3
76 8
197 131
19 162
19 36
162 37
162 48
162 181
162 174
162 32
37 155
26 3
26 140
190 200
48 131
48 155
52 34
75 3
3 36
3 34
3 8
113 165
36 32
32 155
173 73
104 125
142 175
53 10
124 195
68 201
127 205
