VERTICES = 55
EDGES = 482
8 45
8 23
8 41
8 38
8 12
8 13
8 55
8 52
8 51
8 50
8 42
8 47
8 46
8 17
8 14
8 6
8 31
8 40
55 44
55 35
55 25
55 9
55 28
55 46
55 52
55 51
55 50
55 42
55 47
55 45
55 30
55 34
55 4
55 21
55 37
52 10
52 26
52 48
52 24
52 45
52 17
52 51
52 50
52 42
52 47
52 44
52 23
52 29
52 18
52 27
52 15
51 43
51 36
51 5
51 44
51 30
51 14
51 50
51 42
51 47
51 10
51 35
51 41
51 22
51 11
51 7
50 32
50 16
50 10
50 23
50 34
50 6
50 42
50 47
50 43
50 26
50 25
50 38
50 2
50 19
42 39
42 43
42 35
42 29
42 4
42 31
42 47
42 32
42 36
42 48
42 9
42 12
42 33
47 32
47 26
47 41
47 18
47 21
47 40
47 39
47 16
47 5
47 24
47 28
47 13
46 30
46 29
46 22
46 2
46 33
46 45
46 44
46 10
46 43
46 32
46 39
46 17
46 14
46 6
46 31
46 40
45 23
45 41
45 38
45 12
45 13
45 17
45 44
45 10
45 43
45 32
45 39
45 30
45 34
45 4
45 21
45 37
44 35
44 25
44 9
44 28
44 30
44 14
44 10
44 43
44 32
44 39
44 23
44 29
44 18
44 27
44 15
10 26
10 48
10 24
10 23
10 34
10 6
10 43
10 32
10 39
10 35
10 41
10 22
10 11
10 7
43 36
43 5
43 35
43 29
43 4
43 31
43 32
43 39
43 26
43 25
43 38
43 2
43 19
32 16
32 26
32 41
32 18
32 21
32 40
32 39
32 36
32 48
32 9
32 12
32 33
39 36
39 25
39 22
39 27
39 37
39 16
39 5
39 24
39 28
39 13
17 34
17 18
17 11
17 19
17 30
17 23
17 35
17 26
17 36
17 16
17 14
17 6
17 31
17 40
30 29
30 22
30 2
30 33
30 14
30 23
30 35
30 26
30 36
30 16
30 34
30 4
30 21
30 37
23 41
23 38
23 12
23 13
23 34
23 6
23 35
23 26
23 36
23 16
23 29
23 18
23 27
23 15
35 25
35 9
35 28
35 29
35 4
35 31
35 26
35 36
35 16
35 41
35 22
35 11
35 7
26 48
26 24
26 41
26 18
26 21
26 40
26 36
26 16
26 25
26 38
26 2
26 19
36 5
36 25
36 22
36 27
36 37
36 16
36 48
36 9
36 12
36 33
16 48
16 38
16 11
16 15
16 5
16 24
16 28
16 13
14 4
14 27
14 7
14 34
14 29
14 41
14 25
14 48
14 5
14 6
14 31
14 40
34 18
34 11
34 19
34 6
34 29
34 41
34 25
34 48
34 5
34 4
34 21
34 37
29 22
29 2
29 33
29 4
29 31
29 41
29 25
29 48
29 5
29 18
29 27
29 15
41 38
41 12
41 13
41 18
41 21
41 40
41 25
41 48
41 5
41 22
41 11
41 7
25 9
25 28
25 22
25 27
25 37
25 48
25 5
25 38
25 2
25 19
48 24
48 38
48 11
48 15
48 5
48 9
48 12
48 33
5 9
5 2
5 7
5 24
5 28
5 13
6 21
6 15
6 4
6 18
6 22
6 38
6 9
6 24
6 31
6 40
4 27
4 7
4 31
4 18
4 22
4 38
4 9
4 24
4 21
4 37
18 11
18 19
18 21
18 40
18 22
18 38
18 9
18 24
18 27
18 15
22 2
22 33
22 27
22 37
22 38
22 9
22 24
22 11
22 7
38 12
38 13
38 11
38 15
38 9
38 24
38 2
38 19
9 28
9 2
9 7
9 24
9 12
9 33
24 12
24 19
24 28
24 13
31 37
31 21
31 27
31 11
31 2
31 12
31 28
31 40
21 15
21 40
21 27
21 11
21 2
21 12
21 28
21 37
27 7
27 37
27 11
27 2
27 12
27 28
27 15
11 19
11 15
11 2
11 12
11 28
11 7
2 33
2 7
2 12
2 28
2 19
12 13
12 19
12 28
12 33
28 33
28 13
40 37
40 15
40 7
40 19
40 33
40 13
37 15
37 7
37 19
37 33
37 13
15 7
15 19
15 33
15 13
7 19
7 33
7 13
19 33
19 13
33 13
13 20
20 3
20 49
20 1
20 53
20 54
