VERTICES = 31
EDGES = 465
31 29
25 29
25 31
28 29
28 31
28 25
27 29
27 31
27 25
27 28
21 29
21 31
21 25
21 28
21 27
20 29
20 31
20 25
20 28
20 27
20 21
23 29
23 31
23 25
23 28
23 27
23 21
23 20
8 29
8 31
8 25
8 28
8 27
8 21
8 20
8 23
11 29
11 31
11 25
11 28
11 27
11 21
11 20
11 23
11 8
12 29
12 31
12 25
12 28
12 27
12 21
12 20
12 23
12 8
12 11
14 29
14 31
14 25
14 28
14 27
14 21
14 20
14 23
14 8
14 11
14 12
3 29
3 31
3 25
3 28
3 27
3 21
3 20
3 23
3 8
3 11
3 12
3 14
15 29
15 31
15 25
15 28
15 27
15 21
15 20
15 23
15 8
15 11
15 12
15 14
15 3
17 29
17 31
17 25
17 28
17 27
17 21
17 20
17 23
17 8
17 11
17 12
17 14
17 3
17 15
13 29
13 31
13 25
13 28
13 27
13 21
13 20
13 23
13 8
13 11
13 12
13 14
13 3
13 15
13 17
6 29
6 31
6 25
6 28
6 27
6 21
6 20
6 23
6 8
6 11
6 12
6 14
6 3
6 15
6 17
6 13
10 29
10 31
10 25
10 28
10 27
10 21
10 20
10 23
10 8
10 11
10 12
10 14
10 3
10 15
10 17
10 13
10 6
16 29
16 31
16 25
16 28
16 27
16 21
16 20
16 23
16 8
16 11
16 12
16 14
16 3
16 15
16 17
16 13
16 6
16 10
22 29
22 31
22 25
22 28
22 27
22 21
22 20
22 23
22 8
22 11
22 12
22 14
22 3
22 15
22 17
22 13
22 6
22 10
22 16
2 29
2 31
2 25
2 28
2 27
2 21
2 20
2 23
2 8
2 11
2 12
2 14
2 3
2 15
2 17
2 13
2 6
2 10
2 16
2 22
9 29
9 31
9 25
9 28
9 27
9 21
9 20
9 23
9 8
9 11
9 12
9 14
9 3
9 15
9 17
9 13
9 6
9 10
9 16
9 22
9 2
5 29
5 31
5 25
5 28
5 27
5 21
5 20
5 23
5 8
5 11
5 12
5 14
5 3
5 15
5 17
5 13
5 6
5 10
5 16
5 22
5 2
5 9
4 29
4 31
4 25
4 28
4 27
4 21
4 20
4 23
4 8
4 11
4 12
4 14
4 3
4 15
4 17
4 13
4 6
4 10
4 16
4 22
4 2
4 9
4 5
24 29
24 31
24 25
24 28
24 27
24 21
24 20
24 23
24 8
24 11
24 12
24 14
24 3
24 15
24 17
24 13
24 6
24 10
24 16
24 22
24 2
24 9
24 5
24 4
18 29
18 31
18 25
18 28
18 27
18 21
18 20
18 23
18 8
18 11
18 12
18 14
18 3
18 15
18 17
18 13
18 6
18 10
18 16
18 22
18 2
18 9
18 5
18 4
18 24
19 29
19 31
19 25
19 28
19 27
19 21
19 20
19 23
19 8
19 11
19 12
19 14
19 3
19 15
19 17
19 13
19 6
19 10
19 16
19 22
19 2
19 9
19 5
19 4
19 24
19 18
7 29
7 31
7 25
7 28
7 27
7 21
7 20
7 23
7 8
7 11
7 12
7 14
7 3
7 15
7 17
7 13
7 6
7 10
7 16
7 22
7 2
7 9
7 5
7 4
7 24
7 18
7 19
26 29
26 31
26 25
26 28
26 27
26 21
26 20
26 23
26 8
26 11
26 12
26 14
26 3
26 15
26 17
26 13
26 6
26 10
26 16
26 22
26 2
26 9
26 5
26 4
26 24
26 18
26 19
26 7
1 29
1 31
1 25
1 28
1 27
1 21
1 20
1 23
1 8
1 11
1 12
1 14
1 3
1 15
1 17
1 13
1 6
1 10
1 16
1 22
1 2
1 9
1 5
1 4
1 24
1 18
1 19
1 7
1 26
30 29
30 31
30 25
30 28
30 27
30 21
30 20
30 23
30 8
30 11
30 12
30 14
30 3
30 15
30 17
30 13
30 6
30 10
30 16
30 22
30 2
30 9
30 5
30 4
30 24
30 18
30 19
30 7
30 26
30 1
