VERTICES = 92
EDGES = 91
46 56
40 17
26 36
23 62
7 51
41 58
47 71
48 22
9 2
43 21
67 28
34 29
16 26
13 23
38 46
31 40
50 47
53 48
52 7
24 41
20 67
10 34
37 9
18 43
27 57
61 63
27 4
61 35
45 49
6 15
45 39
6 12
54 66
65 5
42 68
33 70
84 50
75 53
84 52
75 24
84 37
75 18
32 16
55 13
32 38
55 31
32 20
55 10
30 28
60 29
30 39
60 12
30 54
60 65
64 2
78 21
64 4
78 35
64 42
78 33
80 3
81 92
80 49
81 15
80 57
81 63
69 25
59 1
69 83
59 8
69 56
59 17
85 76
86 89
85 87
86 44
85 36
86 62
82 11
88 73
82 74
88 72
82 51
88 58
90 14
91 77
90 19
91 79
90 71
91 22
91 90
