VERTICES = 40
EDGES = 204
13 40
13 31
13 29
13 10
13 8
13 15
13 14
13 9
40 31
40 7
40 33
40 10
40 8
40 4
40 30
40 2
40 27
40 18
40 6
40 25
31 33
31 8
31 24
31 5
31 22
31 30
31 2
31 27
31 6
31 12
31 34
36 7
36 33
36 10
36 5
36 22
36 15
36 14
36 30
36 3
36 32
36 39
35 7
35 10
35 8
35 11
35 22
35 15
35 16
35 18
35 6
7 10
7 28
7 23
7 5
7 11
7 21
7 6
1 10
1 23
1 11
1 21
1 27
1 18
1 12
1 32
1 39
33 8
33 24
33 5
33 4
33 30
33 17
33 39
29 23
29 4
29 30
29 20
29 2
29 16
29 27
29 18
29 6
29 38
10 8
10 21
10 30
10 6
10 3
10 32
10 34
28 24
28 20
28 27
28 18
28 17
28 6
28 3
8 23
8 21
8 15
8 14
8 17
8 9
8 34
23 24
23 5
23 11
23 21
23 14
23 30
23 20
23 2
23 16
23 6
24 14
24 17
5 19
5 22
5 15
5 26
5 2
5 3
5 32
5 37
11 19
11 21
11 22
11 3
11 12
11 32
11 37
11 38
19 2
19 34
19 37
21 15
21 26
21 2
21 27
21 18
21 17
21 25
21 34
21 38
22 15
22 2
22 27
22 32
15 16
15 6
15 25
14 2
14 17
14 12
14 32
14 34
4 30
4 2
4 32
4 9
4 34
4 38
4 39
26 2
26 3
26 12
26 34
26 37
26 38
30 18
30 12
30 34
30 39
20 27
20 18
20 9
20 34
20 38
20 39
2 12
2 9
16 18
16 17
16 12
27 17
27 3
27 25
27 32
27 37
18 3
18 12
18 37
17 12
17 38
6 34
6 38
3 32
3 9
3 34
12 34
12 37
12 39
9 39
