VERTICES = 75
EDGES = 302
20 31
20 63
20 68
20 23
73 74
20 58
20 17
20 49
20 6
20 7
20 69
20 42
20 66
20 10
20 25
20 2
20 54
20 57
20 11
75 41
75 54
75 60
75 63
75 73
75 24
75 48
75 53
75 28
71 46
71 13
71 54
71 2
63 68
63 2
63 25
63 11
63 10
63 67
63 59
63 9
63 22
63 40
63 41
63 54
63 72
63 24
63 60
63 38
63 55
63 61
63 53
63 19
63 1
63 27
63 28
69 23
69 58
69 17
69 49
69 6
69 7
69 42
69 11
69 54
70 52
70 50
70 45
70 33
70 5
70 39
70 16
70 54
18 64
29 37
29 31
29 2
29 13
29 35
29 36
29 8
2 68
2 57
2 66
2 65
2 11
2 37
2 31
2 35
2 36
2 8
2 46
2 13
2 25
2 54
66 57
66 11
66 54
6 23
6 58
6 17
6 49
6 7
6 42
6 11
6 54
61 54
61 72
61 24
61 60
61 38
61 55
61 53
61 28
58 23
58 17
58 49
58 7
58 42
58 11
58 54
37 31
37 13
37 35
37 36
37 8
32 25
32 54
51 62
51 54
33 43
33 34
33 52
33 50
33 45
33 5
33 39
33 16
33 54
8 25
8 31
8 13
8 35
8 56
8 36
8 54
9 67
9 54
9 59
9 72
9 22
9 40
9 53
9 28
16 52
16 50
16 45
16 5
16 39
16 54
45 52
45 50
45 5
45 39
45 54
25 31
25 68
25 11
25 65
25 10
25 21
25 15
25 53
25 28
25 44
25 54
50 34
50 52
50 5
50 39
50 54
56 36
56 44
56 54
42 23
42 17
42 49
42 7
42 11
42 54
40 67
40 54
40 59
40 72
40 53
40 28
40 22
40 60
17 23
17 49
17 7
17 11
17 54
34 54
36 31
36 13
36 35
36 54
19 1
30 11
5 52
5 39
5 54
4 47
4 14
26 59
26 54
26 53
26 28
12 57
12 11
35 31
35 13
39 52
39 54
49 23
49 7
49 11
49 54
28 67
28 59
28 72
28 22
28 41
28 73
28 24
28 48
28 60
28 38
28 55
28 53
28 54
44 54
24 38
24 55
24 72
24 73
24 48
24 53
31 54
31 11
31 13
27 1
41 54
41 60
41 53
38 54
38 72
38 60
38 55
38 53
47 14
11 68
11 23
11 7
11 54
11 57
7 23
7 54
48 73
48 53
13 46
13 54
46 54
3 54
54 23
54 68
54 65
54 57
54 67
54 59
54 72
54 22
54 60
54 55
54 53
54 52
54 62
22 67
22 59
22 72
22 53
53 67
53 59
53 72
53 73
53 60
53 55
59 67
59 72
60 55
55 72
67 72
