VERTICES = 40
EDGES = 183
13 17
40 3
2 6
37 31
13 30
40 32
2 12
37 14
13 27
40 26
2 1
37 5
13 18
40 23
2 8
37 21
13 15
40 10
2 4
37 20
13 19
40 25
2 22
37 9
13 28
40 34
2 11
37 29
13 7
40 24
2 33
37 35
13 16
40 36
2 38
37 39
17 30
3 32
6 12
31 14
17 27
3 26
6 1
31 5
17 18
3 23
6 8
31 21
17 15
3 10
6 4
31 20
17 19
3 25
6 22
31 9
17 28
3 34
6 11
31 29
17 7
3 24
6 33
31 35
17 16
3 36
6 38
31 39
30 27
32 26
12 1
14 5
30 18
32 23
12 8
14 21
30 15
32 10
12 4
14 20
30 19
32 25
12 22
14 9
30 28
32 34
12 11
14 29
30 7
32 24
12 33
14 35
30 16
32 36
12 38
14 39
27 18
26 23
1 8
5 21
27 15
26 10
1 4
5 20
27 19
26 25
1 22
5 9
27 28
26 34
1 11
5 29
27 7
26 24
1 33
5 35
27 16
26 36
1 38
5 39
18 15
23 10
8 4
21 20
18 19
23 25
8 22
21 9
18 28
23 34
8 11
21 29
18 7
23 24
8 33
21 35
18 16
23 36
8 38
21 39
15 19
10 25
4 22
20 9
15 28
10 34
4 11
20 29
15 7
10 24
4 33
20 35
15 16
10 36
4 38
20 39
19 28
25 34
22 11
9 29
19 7
25 24
22 33
9 35
19 16
25 36
22 38
9 39
28 7
34 24
11 33
29 35
28 16
34 36
11 38
29 39
7 16
24 36
33 38
35 39
38 16
39 36
39 38
