VERTICES = 81
EDGES = 810
81 50
67 50
67 81
77 50
4 50
4 77
59 50
75 50
73 50
72 50
16 50
24 50
12 50
6 50
68 50
68 59
64 50
64 72
60 50
60 75
23 50
23 73
56 50
56 12
15 50
15 6
22 50
22 24
65 50
65 16
13 81
13 77
13 16
13 24
13 12
13 6
7 81
7 77
7 59
7 64
7 22
7 65
54 81
54 77
54 75
54 23
54 15
54 65
39 81
39 77
39 73
39 60
39 56
39 22
32 81
32 77
32 72
32 68
32 56
32 15
51 81
51 4
51 59
51 75
51 16
51 56
1 81
1 4
1 59
1 73
1 24
1 15
46 81
46 4
46 75
46 72
46 6
46 22
27 81
27 4
27 73
27 72
27 12
27 65
48 81
48 4
48 68
48 64
48 60
48 23
48 13
11 81
11 24
11 68
11 23
11 56
11 65
11 46
34 81
34 16
34 68
34 60
34 15
34 22
34 27
69 81
69 12
69 64
69 23
69 15
69 22
69 51
37 81
37 6
37 64
37 60
37 56
37 65
37 1
76 81
76 59
76 72
76 16
76 6
76 23
76 39
26 81
26 59
26 72
26 24
26 12
26 60
26 54
19 81
19 75
19 73
19 12
19 6
19 68
19 7
40 81
40 75
40 73
40 16
40 24
40 64
40 32
44 67
44 77
44 6
44 68
44 23
44 22
44 51
44 27
44 37
44 26
44 40
35 67
35 77
35 12
35 68
35 60
35 65
35 1
35 46
35 69
35 76
35 40
14 67
14 77
14 24
14 64
14 60
14 15
14 51
14 27
14 11
14 76
14 19
29 67
29 77
29 16
29 64
29 23
29 56
29 1
29 46
29 34
29 26
29 19
43 67
43 77
43 59
43 75
43 73
43 72
43 13
43 11
43 34
43 69
43 37
9 67
9 4
9 56
9 15
9 22
9 65
9 48
9 76
9 26
9 19
9 40
9 43
42 67
42 4
42 59
42 12
42 6
42 64
42 54
42 39
42 11
42 34
42 40
38 67
38 4
38 75
38 24
38 12
38 23
38 7
38 32
38 34
38 37
38 76
41 67
41 4
41 73
41 16
41 6
41 60
41 7
41 32
41 11
41 69
41 26
8 67
8 4
8 72
8 16
8 24
8 68
8 54
8 39
8 69
8 37
8 19
5 67
5 59
5 60
5 23
5 56
5 15
5 13
5 7
5 46
5 27
5 40
5 8
30 67
30 72
30 60
30 23
30 22
30 65
30 13
30 32
30 51
30 1
30 19
30 42
10 67
10 75
10 68
10 64
10 56
10 22
10 13
10 54
10 1
10 27
10 76
10 41
61 67
61 73
61 68
61 64
61 15
61 65
61 13
61 39
61 51
61 46
61 26
61 38
31 67
31 59
31 75
31 24
31 6
31 65
31 39
31 32
31 27
31 48
31 69
31 29
52 67
52 59
52 73
52 16
52 12
52 22
52 54
52 32
52 46
52 48
52 37
52 14
33 67
33 75
33 72
33 16
33 12
33 15
33 7
33 39
33 1
33 48
33 11
33 44
25 67
25 73
25 72
25 24
25 6
25 56
25 7
25 54
25 51
25 48
25 34
25 35
21 77
21 59
21 75
21 12
21 15
21 22
21 27
21 48
21 11
21 37
21 76
21 40
21 29
21 41
21 8
21 30
21 61
21 25
49 77
49 59
49 73
49 6
49 56
49 65
49 46
49 48
49 34
49 69
49 26
49 40
49 14
49 38
49 8
49 30
49 10
49 33
20 77
20 75
20 72
20 24
20 56
20 65
20 1
20 48
20 34
20 69
20 76
20 19
20 44
20 42
20 41
20 5
20 61
20 52
28 77
28 73
28 72
28 16
28 15
28 22
28 51
28 48
28 11
28 37
28 26
28 19
28 35
28 42
28 38
28 5
28 10
28 31
17 77
17 59
17 16
17 24
17 60
17 23
17 32
17 46
17 27
17 69
17 37
17 19
17 9
17 42
17 10
17 61
17 33
17 25
62 77
62 72
62 12
62 6
62 60
62 23
62 7
62 51
62 1
62 11
62 34
62 40
62 9
62 8
62 10
62 61
62 31
62 52
53 77
53 75
53 16
53 6
53 68
53 64
53 39
53 1
53 27
53 11
53 69
53 26
53 9
53 38
53 5
53 30
53 52
53 25
57 77
57 73
57 24
57 12
57 68
57 64
57 54
57 51
57 46
57 34
57 37
57 76
57 9
57 41
57 5
57 30
57 31
57 33
45 4
45 16
45 12
45 68
45 23
45 15
45 7
45 39
45 46
45 37
45 26
45 40
45 14
45 43
45 30
45 10
45 31
45 25
45 20
47 4
47 24
47 6
47 68
47 60
47 56
47 7
47 54
47 27
47 69
47 76
47 40
47 29
47 43
47 30
47 61
47 52
47 33
47 28
3 4
3 24
3 6
3 64
3 23
3 65
3 39
3 32
3 51
3 34
3 26
3 19
3 35
3 43
3 5
3 10
3 52
3 33
3 21
58 4
58 16
58 12
58 64
58 60
58 22
58 54
58 32
58 1
58 11
58 76
58 19
58 44
58 43
58 5
58 61
58 31
58 25
58 49
55 4
55 59
55 72
55 23
55 56
55 22
55 13
55 54
55 34
55 37
55 19
55 40
55 35
55 14
55 41
55 61
55 31
55 33
55 53
18 4
18 59
18 72
18 60
18 15
18 65
18 13
18 39
18 11
18 69
18 19
18 40
18 44
18 29
18 38
18 10
18 52
18 25
18 57
71 4
71 75
71 73
71 68
71 22
71 65
71 13
71 32
71 69
71 37
71 76
71 26
71 14
71 29
71 42
71 5
71 33
71 25
71 62
63 4
63 75
63 73
63 64
63 56
63 15
63 13
63 7
63 11
63 34
63 76
63 26
63 44
63 35
63 8
63 30
63 31
63 52
63 17
70 59
70 16
70 24
70 64
70 56
70 15
70 54
70 39
70 46
70 27
70 48
70 19
70 44
70 35
70 43
70 38
70 41
70 30
70 62
70 71
74 72
74 12
74 6
74 68
74 22
74 65
74 54
74 39
74 51
74 1
74 48
74 40
74 14
74 29
74 43
74 38
74 41
74 5
74 17
74 63
36 75
36 16
36 6
36 23
36 56
36 22
36 7
36 32
36 1
36 27
36 48
36 26
36 35
36 14
36 43
36 42
36 8
36 61
36 57
36 18
66 73
66 24
66 12
66 60
66 15
66 65
66 7
66 32
66 51
66 46
66 48
66 76
66 44
66 29
66 43
66 42
66 8
66 10
66 53
66 55
2 59
2 75
2 12
2 64
2 23
2 65
2 13
2 39
2 32
2 1
2 46
2 34
2 44
2 14
2 9
2 41
2 8
2 25
2 28
2 47
78 59
78 73
78 6
78 64
78 60
78 22
78 13
78 54
78 32
78 51
78 27
78 11
78 35
78 29
78 9
78 38
78 8
78 33
78 20
78 45
79 75
79 72
79 24
79 68
79 23
79 15
79 13
79 7
79 39
79 51
79 27
79 37
79 35
79 29
79 9
79 42
79 41
79 52
79 49
79 58
80 73
80 72
80 16
80 68
80 60
80 56
80 13
80 7
80 54
80 1
80 46
80 69
80 44
80 14
80 9
80 42
80 38
80 31
80 21
80 3
