VERTICES = 80
EDGES = 292
43 69
80 75
43 64
80 54
43 65
80 32
43 51
80 47
43 44
80 22
43 24
80 68
43 67
80 63
69 1
75 5
69 20
75 39
69 29
75 46
69 58
75 40
69 73
75 3
1 72
5 4
1 42
5 55
1 51
5 47
1 21
5 37
1 18
5 28
1 19
5 59
1 78
5 79
74 65
71 32
74 21
71 37
74 11
71 17
74 30
71 34
74 44
71 22
74 78
71 79
72 56
4 62
72 51
4 47
72 33
4 35
72 20
4 39
72 24
4 68
72 15
4 60
72 73
4 3
72 76
4 77
56 11
62 17
56 25
62 36
56 52
62 13
56 73
62 3
64 31
54 14
64 23
54 12
64 33
54 35
64 52
54 13
64 57
54 50
64 29
54 46
64 78
54 79
65 21
32 37
65 11
32 17
65 26
32 27
65 19
32 59
65 52
32 13
9 31
38 14
9 51
38 47
9 10
38 16
9 57
38 50
9 48
38 66
9 76
38 77
31 51
14 47
31 25
14 36
31 2
14 53
31 45
14 8
31 57
14 50
31 58
14 40
31 15
14 60
23 51
12 47
23 10
12 16
23 52
12 13
23 61
12 7
42 10
55 16
42 20
55 39
42 61
55 7
42 76
55 77
51 49
47 6
51 25
47 36
51 2
47 53
51 33
47 35
51 19
47 59
51 52
47 13
51 58
47 40
51 78
47 79
21 11
37 17
21 70
37 41
21 52
37 13
21 58
37 40
21 67
37 63
21 15
37 60
11 26
17 27
11 18
17 28
11 20
17 39
11 58
17 40
11 61
17 7
11 48
17 66
49 30
6 34
49 45
6 8
49 61
6 7
49 24
6 68
49 76
6 77
25 26
36 27
25 44
36 22
25 73
36 3
26 10
27 16
26 45
27 8
26 58
27 40
26 67
27 63
26 15
27 60
26 73
27 3
10 2
16 53
10 57
16 50
2 44
53 22
2 52
53 13
2 29
53 46
2 61
53 7
2 48
53 66
30 52
34 13
30 20
34 39
30 29
34 46
30 24
34 68
33 20
35 39
44 18
22 28
44 19
22 59
44 20
22 39
44 29
22 46
44 24
22 68
44 15
22 60
44 76
22 77
45 19
8 59
45 24
8 68
45 67
8 63
18 52
28 13
18 20
28 39
18 67
28 63
19 52
59 13
19 29
59 46
19 58
59 40
19 61
59 7
19 48
59 66
57 58
50 40
57 48
50 66
57 78
50 79
20 78
39 79
29 58
46 40
29 61
46 7
29 15
46 60
58 24
40 68
58 15
40 60
58 76
40 77
61 24
7 68
24 15
68 60
