VERTICES = 30
EDGES = 384
30 27
30 5
30 8
30 23
30 22
30 21
30 4
30 12
30 11
30 13
30 17
30 3
30 6
30 26
30 24
30 15
30 9
30 10
30 18
30 16
30 2
30 14
30 20
30 7
30 28
30 29
1 27
1 5
1 8
1 23
1 22
1 21
1 4
1 12
1 3
1 6
1 26
1 24
1 9
1 10
1 18
1 16
1 19
1 2
1 14
1 20
1 7
1 28
1 29
25 27
25 5
25 8
25 23
25 22
25 21
25 4
25 12
25 11
25 13
25 17
25 26
25 24
25 15
25 9
25 10
25 18
25 16
25 19
25 14
25 20
25 7
25 28
25 29
27 5
27 8
27 23
27 22
27 4
27 12
27 11
27 13
27 17
27 3
27 6
27 26
27 15
27 9
27 10
27 18
27 16
27 2
27 7
27 28
27 29
5 8
5 23
5 22
5 21
5 4
5 12
5 17
5 3
5 6
5 26
5 24
5 15
5 9
5 10
5 18
5 16
5 19
5 2
5 14
5 20
5 7
5 28
5 29
8 22
8 21
8 4
8 11
8 13
8 17
8 3
8 26
8 24
8 15
8 9
8 18
8 16
8 19
8 2
8 14
8 20
8 7
8 28
8 29
23 22
23 21
23 4
23 12
23 11
23 13
23 17
23 3
23 6
23 26
23 24
23 9
23 18
23 16
23 14
23 7
23 29
22 21
22 4
22 12
22 11
22 13
22 17
22 3
22 6
22 26
22 24
22 15
22 9
22 10
22 18
22 16
22 19
22 2
22 14
22 20
22 28
21 4
21 12
21 11
21 13
21 17
21 3
21 6
21 26
21 24
21 15
21 9
21 18
21 16
21 19
21 2
21 14
21 20
21 28
21 29
4 12
4 11
4 13
4 17
4 3
4 6
4 26
4 24
4 15
4 9
4 10
4 18
4 16
4 19
4 2
4 14
4 20
4 7
4 28
4 29
12 11
12 13
12 17
12 3
12 6
12 26
12 24
12 15
12 9
12 10
12 18
12 16
12 19
12 2
12 14
12 20
12 7
12 28
12 29
11 13
11 17
11 3
11 6
11 26
11 24
11 9
11 10
11 18
11 16
11 19
11 2
11 14
11 20
11 7
11 28
11 29
13 17
13 3
13 6
13 26
13 24
13 15
13 9
13 18
13 16
13 19
13 2
13 14
13 20
13 7
13 28
13 29
17 3
17 26
17 24
17 15
17 9
17 10
17 18
17 16
17 19
17 2
17 14
17 20
17 7
17 28
17 29
3 26
3 24
3 15
3 9
3 10
3 18
3 16
3 19
3 2
3 14
3 20
3 7
3 29
6 26
6 24
6 15
6 9
6 10
6 18
6 16
6 19
6 2
6 14
6 20
6 7
6 28
6 29
26 24
26 10
26 16
26 19
26 2
26 14
26 7
26 28
26 29
24 15
24 9
24 10
24 18
24 16
24 19
24 2
24 14
24 20
24 7
24 28
24 29
15 9
15 10
15 18
15 19
15 2
15 14
15 20
15 28
15 29
9 10
9 18
9 16
9 19
9 2
9 14
9 20
9 29
10 18
10 16
10 19
10 14
10 20
10 7
10 28
18 16
18 19
18 2
18 14
18 20
18 7
18 28
16 19
16 2
16 14
16 20
16 7
16 28
16 29
19 2
19 14
19 20
19 7
19 28
19 29
2 14
2 20
2 7
2 28
2 29
14 20
14 7
14 28
14 29
20 29
7 28
28 29
