VERTICES = 60
EDGES = 1389
59 58
59 57
59 50
59 54
59 35
59 51
59 48
59 42
59 47
59 43
59 37
59 46
59 32
59 9
59 8
59 23
59 3
59 5
59 26
59 15
59 21
59 13
59 44
59 20
59 12
59 41
59 10
59 29
59 28
59 25
59 17
59 14
59 34
59 31
59 53
59 22
59 30
59 45
59 6
59 18
59 11
59 27
59 7
59 24
59 49
59 55
59 56
59 1
60 58
60 57
60 4
60 54
60 51
60 48
60 42
60 47
60 43
60 46
60 32
60 38
60 9
60 36
60 8
60 23
60 3
60 5
60 26
60 19
60 21
60 13
60 20
60 12
60 41
60 10
60 29
60 25
60 17
60 14
60 34
60 33
60 53
60 22
60 30
60 39
60 6
60 2
60 40
60 18
60 16
60 27
60 7
60 24
60 49
60 55
60 56
60 1
58 57
58 4
58 50
58 54
58 51
58 48
58 42
58 47
58 43
58 46
58 32
58 9
58 36
58 8
58 23
58 3
58 5
58 26
58 19
58 15
58 12
58 25
58 17
58 14
58 34
58 33
58 31
58 53
58 22
58 39
58 6
58 2
58 40
58 16
58 11
58 27
58 7
58 49
58 52
58 55
58 56
58 1
57 4
57 50
57 54
57 35
57 51
57 48
57 42
57 47
57 43
57 37
57 32
57 38
57 9
57 36
57 8
57 3
57 5
57 26
57 19
57 21
57 13
57 20
57 12
57 41
57 29
57 28
57 17
57 14
57 34
57 33
57 31
57 53
57 22
57 30
57 45
57 39
57 6
57 40
57 18
57 11
57 27
57 49
57 52
57 55
57 56
57 1
4 35
4 51
4 48
4 42
4 47
4 37
4 46
4 32
4 38
4 9
4 36
4 8
4 23
4 3
4 5
4 26
4 15
4 13
4 44
4 12
4 41
4 10
4 29
4 28
4 14
4 34
4 33
4 31
4 30
4 39
4 6
4 2
4 40
4 18
4 16
4 27
4 7
4 24
4 49
4 52
4 55
4 56
4 1
50 54
50 51
50 42
50 32
50 9
50 23
50 3
50 5
50 26
50 19
50 21
50 13
50 44
50 20
50 12
50 41
50 10
50 29
50 28
50 17
50 34
50 31
50 53
50 30
50 39
50 6
50 2
50 40
50 18
50 16
50 11
50 27
50 7
50 24
50 49
50 52
50 55
50 56
50 1
54 51
54 47
54 43
54 46
54 32
54 38
54 9
54 36
54 8
54 3
54 5
54 44
54 20
54 12
54 41
54 10
54 29
54 28
54 25
54 17
54 34
54 53
54 22
54 30
54 39
54 6
54 2
54 40
54 18
54 16
54 11
54 27
54 7
54 49
54 52
54 56
35 51
35 48
35 42
35 47
35 37
35 46
35 32
35 38
35 9
35 36
35 8
35 3
35 26
35 19
35 15
35 44
35 20
35 12
35 41
35 29
35 28
35 25
35 17
35 14
35 34
35 33
35 31
35 53
35 22
35 30
35 45
35 39
35 6
35 2
35 18
35 16
35 11
35 27
35 7
35 24
35 55
35 56
35 1
51 48
51 42
51 43
51 37
51 46
51 38
51 9
51 36
51 8
51 23
51 3
51 5
51 26
51 19
51 21
51 13
51 44
51 20
51 41
51 10
51 29
51 25
51 17
51 34
51 33
51 31
51 45
51 39
51 6
51 2
51 40
51 18
51 16
51 11
51 7
51 24
51 49
51 52
51 55
48 37
48 46
48 32
48 38
48 9
48 36
48 23
48 3
48 5
48 26
48 15
48 21
48 13
48 44
48 20
48 12
48 41
48 25
48 17
48 14
48 34
48 31
48 53
48 22
48 30
48 45
48 6
48 40
48 16
48 27
48 24
48 49
48 52
48 55
48 1
42 47
42 43
42 46
42 32
42 38
42 9
42 36
42 8
42 23
42 3
42 5
42 26
42 19
42 15
42 21
42 13
42 12
42 41
42 10
42 28
42 25
42 34
42 33
42 31
42 53
42 22
42 30
42 39
42 6
42 2
42 40
42 18
42 16
42 11
42 27
42 7
42 24
42 49
42 55
42 56
42 1
47 43
47 37
47 9
47 8
47 23
47 3
47 5
47 26
47 15
47 20
47 12
47 41
47 10
47 28
47 25
47 17
47 14
47 34
47 33
47 31
47 53
47 22
47 30
47 45
47 39
47 6
47 2
47 40
47 18
47 16
47 11
47 7
47 24
47 49
47 56
43 37
43 46
43 32
43 9
43 36
43 8
43 23
43 3
43 5
43 26
43 19
43 15
43 21
43 13
43 44
43 20
43 12
43 41
43 10
43 29
43 25
43 17
43 14
43 31
43 53
43 39
43 6
43 2
43 40
43 18
43 16
43 11
43 27
43 7
43 24
43 49
43 52
43 55
43 56
43 1
37 32
37 38
37 36
37 8
37 23
37 3
37 5
37 26
37 15
37 44
37 20
37 12
37 10
37 29
37 25
37 17
37 14
37 34
37 33
37 31
37 53
37 22
37 30
37 39
37 2
37 18
37 16
37 11
37 7
37 49
37 52
37 55
37 1
46 32
46 38
46 36
46 8
46 23
46 3
46 5
46 26
46 19
46 21
46 13
46 44
46 20
46 12
46 41
46 10
46 29
46 28
46 25
46 17
46 14
46 34
46 33
46 31
46 53
46 22
46 30
46 45
46 39
46 2
46 40
46 18
46 16
46 11
46 27
46 7
46 24
46 49
46 52
46 55
46 56
46 1
32 38
32 36
32 8
32 23
32 3
32 5
32 26
32 19
32 15
32 21
32 20
32 41
32 10
32 29
32 28
32 17
32 14
32 34
32 33
32 31
32 53
32 22
32 45
32 6
32 2
32 18
32 11
32 24
32 49
32 52
32 55
32 56
32 1
38 9
38 36
38 8
38 3
38 5
38 26
38 19
38 15
38 21
38 13
38 44
38 12
38 41
38 10
38 29
38 28
38 25
38 17
38 14
38 33
38 53
38 22
38 45
38 39
38 18
38 16
38 11
38 27
38 7
38 24
38 49
38 52
38 56
38 1
9 36
9 8
9 23
9 3
9 5
9 26
9 19
9 15
9 21
9 13
9 20
9 12
9 41
9 10
9 29
9 25
9 17
9 14
9 34
9 31
9 53
9 22
9 30
9 45
9 39
9 6
9 2
9 40
9 18
9 16
9 11
9 27
9 7
9 24
9 52
9 55
9 56
9 1
36 8
36 3
36 5
36 19
36 15
36 13
36 44
36 20
36 41
36 10
36 29
36 28
36 25
36 17
36 34
36 33
36 31
36 22
36 30
36 45
36 39
36 2
36 40
36 18
36 16
36 11
36 27
36 7
36 24
36 49
36 52
36 55
36 56
36 1
8 23
8 5
8 26
8 19
8 21
8 13
8 44
8 20
8 12
8 10
8 29
8 28
8 25
8 14
8 33
8 31
8 53
8 22
8 30
8 45
8 39
8 6
8 2
8 40
8 18
8 16
8 11
8 27
8 7
8 49
8 52
8 55
8 1
23 3
23 5
23 26
23 15
23 21
23 13
23 44
23 20
23 12
23 41
23 10
23 29
23 28
23 17
23 14
23 34
23 33
23 31
23 53
23 30
23 45
23 39
23 6
23 2
23 40
23 18
23 16
23 11
23 27
23 7
23 1
3 5
3 26
3 19
3 15
3 13
3 44
3 20
3 12
3 41
3 10
3 29
3 25
3 17
3 14
3 34
3 33
3 31
3 53
3 22
3 30
3 45
3 39
3 6
3 2
3 40
3 16
3 11
3 27
3 7
3 24
3 52
3 55
3 56
5 26
5 19
5 15
5 13
5 44
5 20
5 29
5 28
5 25
5 17
5 14
5 34
5 33
5 31
5 53
5 22
5 6
5 2
5 40
5 18
5 16
5 11
5 7
5 24
5 49
5 52
5 55
5 1
26 19
26 15
26 21
26 44
26 20
26 12
26 41
26 10
26 29
26 25
26 14
26 34
26 31
26 45
26 39
26 6
26 2
26 40
26 18
26 16
26 11
26 7
26 24
26 49
26 52
26 55
26 1
19 15
19 21
19 13
19 20
19 12
19 10
19 29
19 25
19 17
19 14
19 33
19 31
19 53
19 22
19 30
19 45
19 39
19 6
19 2
19 40
19 18
19 16
19 27
19 24
19 49
19 52
19 55
19 56
19 1
15 21
15 20
15 12
15 41
15 10
15 29
15 28
15 25
15 14
15 33
15 53
15 22
15 30
15 45
15 39
15 6
15 2
15 40
15 16
15 11
15 27
15 24
15 49
15 52
15 56
15 1
21 13
21 44
21 20
21 12
21 41
21 29
21 28
21 25
21 17
21 14
21 31
21 53
21 22
21 39
21 6
21 2
21 16
21 11
21 27
21 49
21 52
21 55
21 56
21 1
13 44
13 20
13 12
13 41
13 10
13 25
13 17
13 14
13 33
13 31
13 53
13 22
13 45
13 39
13 6
13 2
13 40
13 18
13 16
13 11
13 27
13 7
13 24
13 55
13 56
13 1
44 20
44 12
44 41
44 29
44 28
44 25
44 17
44 14
44 34
44 33
44 31
44 53
44 30
44 45
44 39
44 6
44 2
44 40
44 18
44 16
44 11
44 27
44 7
44 49
44 52
44 55
44 56
44 1
20 12
20 41
20 29
20 28
20 25
20 17
20 14
20 34
20 33
20 31
20 53
20 22
20 30
20 45
20 40
20 18
20 27
20 52
20 55
20 56
12 10
12 29
12 28
12 25
12 17
12 14
12 34
12 31
12 22
12 30
12 45
12 39
12 2
12 40
12 18
12 16
12 11
12 27
12 7
12 49
12 52
12 55
12 56
12 1
41 10
41 28
41 25
41 17
41 14
41 34
41 22
41 30
41 45
41 39
41 2
41 18
41 16
41 11
41 27
41 24
41 1
10 29
10 28
10 25
10 17
10 14
10 31
10 53
10 22
10 30
10 2
10 18
10 16
10 11
10 27
10 7
10 49
10 56
29 28
29 25
29 17
29 14
29 34
29 33
29 53
29 22
29 30
29 45
29 39
29 6
29 2
29 40
29 18
29 16
29 11
29 27
29 7
29 24
29 55
29 56
29 1
28 25
28 17
28 14
28 34
28 33
28 31
28 30
28 39
28 6
28 2
28 40
28 18
28 16
28 11
28 27
28 7
28 24
28 49
28 52
28 55
28 56
28 1
25 17
25 14
25 34
25 31
25 53
25 22
25 45
25 6
25 2
25 16
25 11
25 27
25 7
25 24
25 52
25 55
25 1
17 14
17 34
17 22
17 30
17 39
17 6
17 2
17 18
17 16
17 11
17 27
17 7
17 24
17 49
17 55
17 1
14 34
14 33
14 31
14 53
14 22
14 30
14 45
14 6
14 2
14 40
14 18
14 11
14 27
14 7
14 24
14 49
14 52
14 56
14 1
34 33
34 31
34 53
34 22
34 30
34 45
34 6
34 2
34 40
34 18
34 16
34 11
34 27
34 7
34 24
34 52
34 55
34 56
34 1
33 31
33 53
33 30
33 45
33 39
33 6
33 40
33 18
33 16
33 11
33 27
33 7
33 24
33 49
33 52
33 55
33 1
31 53
31 22
31 30
31 45
31 39
31 6
31 40
31 18
31 16
31 11
31 27
31 24
31 49
31 52
31 55
31 1
53 22
53 30
53 45
53 39
53 6
53 2
53 18
53 11
53 24
53 49
53 52
53 55
53 56
22 45
22 6
22 2
22 40
22 7
22 49
22 52
22 55
22 56
22 1
30 45
30 6
30 40
30 18
30 16
30 11
30 27
30 7
30 24
30 49
30 52
30 55
30 1
45 39
45 6
45 2
45 40
45 18
45 16
45 11
45 27
45 24
45 49
45 55
45 1
39 18
39 11
39 27
39 24
39 49
39 52
39 56
39 1
6 2
6 18
6 11
6 7
6 24
6 49
6 52
6 55
6 56
6 1
2 40
2 18
2 16
2 11
2 7
2 52
2 55
2 56
2 1
40 18
40 16
40 11
40 27
40 7
40 24
40 49
40 52
40 55
40 56
40 1
18 16
18 11
18 27
18 7
18 49
18 56
16 11
16 27
16 7
16 24
16 52
16 55
16 56
16 1
11 27
11 7
11 24
11 52
11 56
11 1
27 24
27 49
27 52
27 55
27 56
27 1
7 24
7 49
7 52
7 55
7 56
7 1
24 52
24 56
24 1
49 55
49 56
49 1
52 55
52 56
55 1
56 1
