VERTICES = 208
EDGES = 1248
208 150
199 150
199 208
205 150
168 150
203 150
201 150
196 150
187 150
187 205
194 150
194 196
172 150
172 201
189 150
189 203
186 150
186 168
49 190
87 185
47 188
130 188
18 190
45 184
158 63
145 63
24 185
170 184
4 190
4 49
166 188
166 47
165 188
165 130
163 190
163 18
155 185
155 24
101 184
101 45
44 63
44 158
96 185
96 87
104 63
104 145
92 184
92 170
136 181
136 92
139 183
139 104
126 183
126 44
126 139
8 181
8 101
8 136
116 178
116 163
125 167
125 155
51 176
51 166
28 178
28 4
28 116
61 176
61 165
61 51
131 167
131 96
131 125
43 178
43 49
41 167
41 87
74 167
74 24
74 41
56 181
56 170
142 176
142 130
66 183
66 145
134 176
134 47
134 142
2 183
2 158
2 66
132 178
132 18
132 43
105 181
105 45
105 56
121 58
121 49
121 43
117 38
117 170
117 56
72 25
72 145
72 66
69 58
69 18
69 132
60 192
60 24
60 74
122 192
122 87
122 41
77 25
77 158
77 2
103 38
103 45
103 105
79 20
79 130
79 142
57 20
57 47
57 134
16 38
16 92
16 136
16 103
91 25
91 104
91 139
91 77
119 58
119 4
119 28
119 69
62 192
62 96
62 131
62 60
90 25
90 44
90 126
90 72
107 58
107 163
107 116
107 121
148 20
148 165
148 61
148 57
15 20
15 166
15 51
15 79
84 38
84 101
84 8
84 117
127 192
127 155
127 125
127 122
54 208
54 20
54 58
54 192
54 25
54 38
76 208
76 190
76 188
76 185
76 63
76 184
76 54
97 187
97 20
97 101
97 44
97 43
97 41
97 54
98 186
98 192
98 163
98 104
98 56
98 134
98 54
37 194
37 25
37 166
37 96
37 132
37 105
37 54
29 189
29 58
29 155
29 92
29 142
29 66
29 54
102 172
102 38
102 4
102 165
102 74
102 2
102 54
9 208
9 49
9 47
9 45
9 145
9 24
129 208
129 87
129 130
129 18
129 158
129 170
6 208
6 139
6 8
6 125
6 51
6 28
6 129
100 208
100 136
100 126
100 116
100 61
100 131
100 9
59 208
59 41
59 56
59 142
59 2
59 132
30 208
30 43
30 74
30 66
30 134
30 105
65 208
65 16
65 62
65 90
65 107
65 148
65 59
46 208
46 91
46 119
46 15
46 84
46 127
46 30
17 199
17 185
17 49
17 158
17 142
17 105
64 199
64 188
64 145
64 170
64 74
64 132
22 199
22 184
22 47
22 18
22 41
22 66
180 199
180 63
180 130
180 24
180 43
180 56
7 199
7 190
7 87
7 45
7 134
7 2
108 199
108 20
108 126
108 8
108 107
108 127
108 64
109 199
109 38
109 28
109 61
109 91
109 62
109 22
110 199
110 25
110 51
110 131
110 16
110 119
110 180
106 199
106 58
106 136
106 125
106 90
106 15
106 7
12 199
12 192
12 139
12 116
12 148
12 84
12 17
14 201
14 188
14 183
14 4
14 125
14 56
14 98
14 106
55 196
55 188
55 181
55 96
55 116
55 66
55 29
55 12
10 168
10 190
10 181
10 104
10 51
10 41
10 97
10 110
10 55
75 203
75 185
75 183
75 92
75 61
75 43
75 97
75 109
75 14
94 205
94 63
94 167
94 101
94 28
94 142
94 29
94 109
31 168
31 63
31 176
31 163
31 136
31 74
31 102
31 106
89 203
89 184
89 176
89 155
89 139
89 132
89 37
89 12
89 31
82 205
82 184
82 178
82 44
82 131
82 134
82 98
82 110
32 196
32 185
32 178
32 166
32 8
32 2
32 102
32 108
32 82
114 201
114 190
114 167
114 165
114 126
114 105
114 37
114 108
114 94
164 186
164 49
164 92
164 51
164 74
164 77
164 29
164 6
48 189
48 87
48 104
48 61
48 132
48 103
48 98
48 100
112 194
112 130
112 101
112 116
112 2
112 60
112 97
112 100
115 172
115 47
115 44
115 125
115 105
115 69
115 97
115 6
27 186
27 158
27 166
27 136
27 41
27 121
27 37
27 100
88 172
88 18
88 155
88 126
88 56
88 57
88 29
88 100
99 194
99 24
99 163
99 8
99 66
99 79
99 98
99 6
80 189
80 45
80 165
80 139
80 43
80 122
80 102
80 6
141 187
141 170
141 4
141 131
141 142
141 72
141 102
141 100
83 187
83 145
83 96
83 28
83 134
83 117
83 37
83 6
78 168
78 49
78 166
78 56
78 122
78 91
78 109
78 32
78 88
26 196
26 130
26 163
26 105
26 72
26 62
26 109
26 31
26 115
85 201
85 47
85 155
85 2
85 117
85 119
85 110
85 89
85 112
113 205
113 145
113 4
113 41
113 79
113 84
113 12
113 14
113 27
111 203
111 87
111 165
111 66
111 121
111 16
111 110
111 114
111 99
123 205
123 170
123 96
123 43
123 57
123 90
123 106
123 55
123 80
138 203
138 45
138 104
138 142
138 69
138 127
138 108
138 10
138 141
13 168
13 158
13 92
13 134
13 60
13 107
13 108
13 75
13 83
93 201
93 18
93 44
93 74
93 103
93 148
93 12
93 82
93 164
70 196
70 24
70 101
70 132
70 77
70 15
70 106
70 94
70 48
120 194
120 49
120 104
120 125
120 57
120 16
120 17
120 112
1 189
1 158
1 163
1 131
1 117
1 15
1 17
1 80
71 186
71 45
71 155
71 28
71 72
71 148
71 7
71 27
42 194
42 170
42 44
42 61
42 122
42 119
42 64
42 99
144 187
144 18
144 165
144 136
144 77
144 127
144 22
144 83
68 187
68 24
68 166
68 139
68 103
68 107
68 180
68 141
143 172
143 145
143 101
143 51
143 121
143 62
143 64
143 88
149 172
149 87
149 92
149 116
149 79
149 91
149 7
149 115
146 189
146 47
146 4
146 8
146 60
146 90
146 22
146 48
137 186
137 130
137 96
137 126
137 69
137 84
137 180
137 164
11 168
11 101
11 131
11 66
11 69
11 148
11 30
11 78
11 1
154 203
154 44
154 28
154 56
154 60
154 15
154 59
154 111
154 71
39 201
39 96
39 8
39 142
39 121
39 91
39 59
39 93
39 146
23 196
23 4
23 126
23 134
23 122
23 16
23 30
23 70
23 137
140 196
140 92
140 139
140 41
140 57
140 119
140 59
140 26
140 68
147 203
147 166
147 116
147 74
147 117
147 90
147 30
147 138
147 149
118 205
118 163
118 51
118 2
118 103
118 127
118 59
118 123
118 143
156 201
156 104
156 136
156 43
156 79
156 62
156 30
156 85
156 144
67 205
67 155
67 61
67 105
67 77
67 107
67 30
67 113
67 42
159 168
159 165
159 125
159 132
159 72
159 84
159 59
159 13
159 120
95 205
95 188
95 136
95 139
95 69
95 60
95 76
95 11
95 154
35 168
35 185
35 126
35 28
35 103
35 79
35 76
35 118
35 156
151 203
151 190
151 8
151 131
151 77
151 57
151 76
151 140
151 67
40 201
40 184
40 116
40 51
40 72
40 122
40 76
40 23
40 159
52 196
52 63
52 125
52 61
52 121
52 117
52 76
52 39
52 147
81 187
81 188
81 163
81 155
81 16
81 91
81 97
81 64
81 1
81 71
81 39
81 23
124 186
124 185
124 165
124 101
124 119
124 90
124 98
124 17
124 144
124 143
124 140
124 147
86 189
86 190
86 166
86 44
86 62
86 84
86 29
86 7
86 42
86 68
86 156
86 159
53 172
53 184
53 96
53 104
53 107
53 15
53 102
53 22
53 120
53 137
53 154
53 67
128 194
128 63
128 4
128 92
128 148
128 127
128 37
128 180
128 149
128 146
128 11
128 118
161 187
161 184
161 167
161 49
161 79
161 90
161 65
161 89
161 99
161 78
135 194
135 188
135 178
135 45
135 77
135 62
135 65
135 14
135 164
135 138
33 172
33 188
33 167
33 158
33 103
33 119
33 46
33 55
33 48
33 13
33 161
169 189
169 185
169 176
169 145
169 69
169 16
169 65
169 32
169 115
169 113
153 172
153 190
153 183
153 24
153 117
153 148
153 65
153 10
153 83
153 70
174 186
174 190
174 176
174 170
174 60
174 91
174 46
174 114
174 112
174 123
174 169
21 186
21 63
21 181
21 47
21 122
21 107
21 65
21 94
21 80
21 85
162 194
162 185
162 181
162 18
162 72
162 15
162 46
162 75
162 141
162 93
162 21
3 187
3 63
3 178
3 87
3 57
3 84
3 46
3 31
3 88
3 111
3 135
5 189
5 184
5 183
5 130
5 121
5 127
5 46
5 82
5 27
5 26
5 153
160 196
160 38
160 176
160 49
160 44
160 127
160 9
160 55
160 144
160 154
175 205
175 58
175 181
175 24
175 165
175 91
175 9
175 82
175 149
175 159
133 205
133 192
133 183
133 18
133 166
133 16
133 129
133 94
133 120
133 147
50 168
50 20
50 183
50 45
50 96
50 119
50 9
50 31
50 42
50 39
50 133
34 203
34 25
34 167
34 47
34 163
34 84
34 9
34 75
34 137
34 118
73 203
73 20
73 181
73 158
73 4
73 62
73 129
73 89
73 143
73 23
73 175
157 196
157 58
157 167
157 170
157 104
157 148
157 129
157 32
157 71
157 156
157 34
177 201
177 192
177 178
177 145
177 92
177 15
177 9
177 114
177 1
177 140
182 168
182 38
182 178
182 130
182 155
182 90
182 129
182 10
182 146
182 67
182 177
171 201
171 25
171 176
171 87
171 101
171 107
171 129
171 14
171 68
171 11
171 160
36 194
36 38
36 167
36 139
36 134
36 121
36 7
36 143
36 95
36 162
36 182
152 172
152 25
152 178
152 136
152 142
152 122
152 17
152 42
152 95
152 153
152 34
173 194
173 58
173 176
173 126
173 41
173 117
173 22
173 1
173 35
173 135
173 175
179 172
179 192
179 176
179 8
179 43
179 72
179 180
179 71
179 151
179 33
179 133
179 173
195 189
195 20
195 167
195 116
195 56
195 77
195 180
195 144
195 40
195 169
195 50
195 36
19 186
19 20
19 178
19 125
19 66
19 103
19 22
19 68
19 52
19 174
19 73
19 152
197 186
197 38
197 183
197 131
197 132
197 79
197 64
197 149
197 151
197 21
197 160
200 187
200 58
200 183
200 51
200 105
200 60
200 17
200 146
200 40
200 3
200 157
200 197
191 187
191 192
191 181
191 61
191 2
191 69
191 7
191 137
191 52
191 161
191 177
193 189
193 25
193 181
193 28
193 74
193 57
193 64
193 120
193 35
193 5
193 171
193 191
198 205
198 20
198 49
198 87
198 117
198 72
198 108
198 164
198 48
198 26
198 85
198 95
202 201
202 38
202 158
202 24
202 69
202 57
202 109
202 27
202 99
202 123
202 138
202 40
204 168
204 192
204 47
204 170
204 121
204 77
204 12
204 115
204 141
204 111
204 70
204 35
206 196
206 25
206 18
206 45
206 60
206 79
206 110
206 88
206 80
206 113
206 13
206 52
207 203
207 58
207 130
207 145
207 122
207 103
207 106
207 112
207 83
207 78
207 93
207 151
