VERTICES = 194
EDGES = 2364
5 191
191 192
192 193
193 191
5 194
5 190
5 188
5 181
5 56
5 179
5 32
5 174
5 14
5 19
5 160
5 159
5 129
5 148
5 50
5 33
5 6
5 77
5 10
5 64
5 134
5 16
5 116
5 171
5 41
5 42
5 91
5 115
5 109
5 89
5 98
5 95
5 96
5 48
5 53
5 66
5 35
5 75
5 140
5 76
5 68
5 46
5 27
5 85
5 112
5 37
5 17
5 122
5 99
5 136
5 107
5 23
5 72
5 30
5 60
5 154
5 158
5 168
5 169
5 147
5 69
5 7
5 156
5 166
194 187
194 186
194 182
194 170
194 145
194 162
194 175
194 61
194 130
194 163
194 161
194 142
194 11
194 45
194 29
194 120
194 125
194 117
194 79
194 44
194 103
194 92
194 22
194 1
194 43
194 58
194 131
194 40
194 101
194 62
194 132
194 18
194 34
194 97
194 74
194 87
194 105
194 25
194 90
194 59
194 102
194 12
194 144
194 128
194 108
194 54
194 70
194 139
194 4
194 57
194 26
194 55
194 111
194 124
194 94
194 146
194 88
194 165
194 126
194 65
194 176
194 67
194 180
187 178
187 188
187 177
187 56
187 151
187 32
187 172
187 14
187 155
187 160
187 104
187 129
187 113
187 50
187 110
187 6
187 9
187 10
187 78
187 134
187 80
187 116
187 38
187 41
187 24
187 91
187 28
187 109
187 106
187 98
187 138
187 96
187 13
187 53
187 71
187 35
187 93
187 140
187 31
187 68
187 82
187 27
187 39
187 112
187 133
187 17
187 119
187 99
187 63
187 107
187 149
187 72
187 51
187 60
187 3
187 158
187 15
187 169
187 123
187 69
187 157
187 156
187 173
190 178
190 186
190 177
190 170
190 151
190 162
190 172
190 61
190 155
190 163
190 104
190 142
190 113
190 45
190 110
190 120
190 9
190 117
190 78
190 44
190 80
190 92
190 38
190 1
190 24
190 58
190 28
190 40
190 106
190 62
190 138
190 18
190 13
190 97
190 71
190 87
190 93
190 25
190 31
190 59
190 82
190 12
190 39
190 128
190 133
190 54
190 119
190 139
190 63
190 57
190 149
190 55
190 51
190 124
190 3
190 146
190 15
190 165
190 123
190 65
190 157
190 67
190 173
178 182
178 181
178 145
178 179
178 175
178 174
178 130
178 19
178 161
178 159
178 11
178 148
178 29
178 33
178 125
178 77
178 79
178 64
178 103
178 16
178 22
178 171
178 43
178 42
178 131
178 115
178 101
178 89
178 132
178 95
178 34
178 48
178 74
178 66
178 105
178 75
178 90
178 76
178 102
178 46
178 144
178 85
178 108
178 37
178 70
178 122
178 4
178 136
178 26
178 23
178 111
178 30
178 94
178 154
178 88
178 168
178 126
178 147
178 176
178 7
178 180
178 166
186 135
186 56
186 179
186 8
186 14
186 19
186 47
186 129
186 148
186 141
186 6
186 77
186 73
186 134
186 16
186 121
186 41
186 42
186 114
186 109
186 89
186 83
186 96
186 48
186 20
186 35
186 75
186 2
186 68
186 46
186 21
186 112
186 37
186 137
186 99
186 136
186 150
186 72
186 30
186 152
186 158
186 168
186 143
186 69
186 7
186 153
188 135
188 170
188 145
188 8
188 61
188 130
188 47
188 142
188 11
188 141
188 120
188 125
188 73
188 44
188 103
188 121
188 1
188 43
188 114
188 40
188 101
188 83
188 18
188 34
188 20
188 87
188 105
188 2
188 59
188 102
188 21
188 128
188 108
188 137
188 139
188 4
188 150
188 55
188 111
188 152
188 146
188 88
188 143
188 65
188 176
188 153
182 135
182 56
182 151
182 8
182 14
182 155
182 47
182 129
182 113
182 141
182 6
182 9
182 73
182 134
182 80
182 121
182 41
182 24
182 114
182 109
182 106
182 83
182 96
182 13
182 20
182 35
182 93
182 2
182 68
182 82
182 21
182 112
182 133
182 137
182 99
182 63
182 150
182 72
182 51
182 152
182 158
182 15
182 143
182 69
182 157
182 153
181 135
181 170
181 151
181 8
181 61
181 155
181 47
181 142
181 113
181 141
181 120
181 9
181 73
181 44
181 80
181 121
181 1
181 24
181 114
181 40
181 106
181 83
181 18
181 13
181 20
181 87
181 93
181 2
181 59
181 82
181 21
181 128
181 133
181 137
181 139
181 63
181 150
181 55
181 51
181 152
181 146
181 15
181 143
181 65
181 157
181 153
177 135
177 145
177 179
177 8
177 130
177 19
177 47
177 11
177 148
177 141
177 125
177 77
177 73
177 103
177 16
177 121
177 43
177 42
177 114
177 101
177 89
177 83
177 34
177 48
177 20
177 105
177 75
177 2
177 102
177 46
177 21
177 108
177 37
177 137
177 4
177 136
177 150
177 111
177 30
177 152
177 88
177 168
177 143
177 176
177 7
177 153
135 162
135 32
135 175
135 174
135 172
135 163
135 160
135 161
135 159
135 104
135 45
135 50
135 29
135 33
135 110
135 117
135 10
135 79
135 64
135 78
135 92
135 116
135 22
135 171
135 38
135 58
135 91
135 131
135 115
135 28
135 62
135 98
135 132
135 95
135 138
135 97
135 53
135 74
135 66
135 71
135 25
135 140
135 90
135 76
135 31
135 12
135 27
135 144
135 85
135 39
135 54
135 17
135 70
135 122
135 119
135 57
135 107
135 26
135 23
135 149
135 124
135 60
135 94
135 154
135 3
135 165
135 169
135 126
135 147
135 123
135 67
135 156
135 180
135 166
135 173
170 167
170 14
170 19
170 160
170 159
170 49
170 6
170 77
170 10
170 64
170 127
170 41
170 42
170 91
170 115
170 86
170 96
170 48
170 53
170 66
170 118
170 68
170 46
170 27
170 85
170 52
170 99
170 136
170 107
170 23
170 81
170 158
170 168
170 169
170 147
170 184
56 167
56 61
56 130
56 163
56 161
56 49
56 120
56 125
56 117
56 79
56 127
56 1
56 43
56 58
56 131
56 86
56 18
56 34
56 97
56 74
56 118
56 59
56 102
56 12
56 144
56 52
56 139
56 4
56 57
56 26
56 81
56 146
56 88
56 165
56 126
56 184
145 167
145 14
145 155
145 160
145 104
145 49
145 6
145 9
145 10
145 78
145 127
145 41
145 24
145 91
145 28
145 86
145 96
145 13
145 53
145 71
145 118
145 68
145 82
145 27
145 39
145 52
145 99
145 63
145 107
145 149
145 81
145 158
145 15
145 169
145 123
145 184
179 167
179 61
179 155
179 163
179 104
179 49
179 120
179 9
179 117
179 78
179 127
179 1
179 24
179 58
179 28
179 86
179 18
179 13
179 97
179 71
179 118
179 59
179 82
179 12
179 39
179 52
179 139
179 63
179 57
179 149
179 81
179 146
179 15
179 165
179 123
179 184
151 167
151 130
151 19
151 161
151 159
151 49
151 125
151 77
151 79
151 64
151 127
151 43
151 42
151 131
151 115
151 86
151 34
151 48
151 74
151 66
151 118
151 102
151 46
151 144
151 85
151 52
151 4
151 136
151 26
151 23
151 81
151 88
151 168
151 126
151 147
151 184
162 167
162 14
162 19
162 47
162 49
162 6
162 77
162 73
162 127
162 41
162 42
162 114
162 86
162 96
162 48
162 20
162 118
162 68
162 46
162 21
162 52
162 99
162 136
162 150
162 81
162 158
162 168
162 143
162 184
32 167
32 61
32 130
32 47
32 49
32 120
32 125
32 73
32 127
32 1
32 43
32 114
32 86
32 18
32 34
32 20
32 118
32 59
32 102
32 21
32 52
32 139
32 4
32 150
32 81
32 146
32 88
32 143
32 184
175 167
175 14
175 155
175 47
175 49
175 6
175 9
175 73
175 127
175 41
175 24
175 114
175 86
175 96
175 13
175 20
175 118
175 68
175 82
175 21
175 52
175 99
175 63
175 150
175 81
175 158
175 15
175 143
175 184
174 167
174 61
174 155
174 47
174 49
174 120
174 9
174 73
174 127
174 1
174 24
174 114
174 86
174 18
174 13
174 20
174 118
174 59
174 82
174 21
174 52
174 139
174 63
174 150
174 81
174 146
174 15
174 143
174 184
172 167
172 130
172 19
172 47
172 49
172 125
172 77
172 73
172 127
172 43
172 42
172 114
172 86
172 34
172 48
172 20
172 118
172 102
172 46
172 21
172 52
172 4
172 136
172 150
172 81
172 88
172 168
172 143
172 184
8 167
8 163
8 160
8 161
8 159
8 104
8 49
8 117
8 10
8 79
8 64
8 78
8 127
8 58
8 91
8 131
8 115
8 28
8 86
8 97
8 53
8 74
8 66
8 71
8 118
8 12
8 27
8 144
8 85
8 39
8 52
8 57
8 107
8 26
8 23
8 149
8 81
8 165
8 169
8 126
8 147
8 123
8 184
167 142
167 129
167 11
167 148
167 113
167 45
167 50
167 29
167 33
167 110
167 141
167 44
167 134
167 103
167 16
167 80
167 92
167 116
167 22
167 171
167 38
167 121
167 40
167 109
167 101
167 89
167 106
167 62
167 98
167 132
167 95
167 138
167 83
167 87
167 35
167 105
167 75
167 93
167 25
167 140
167 90
167 76
167 31
167 2
167 128
167 112
167 108
167 37
167 133
167 54
167 17
167 70
167 122
167 119
167 137
167 55
167 72
167 111
167 30
167 51
167 124
167 60
167 94
167 154
167 3
167 152
167 65
167 69
167 176
167 7
167 157
167 67
167 156
167 180
167 166
167 173
167 153
61 36
61 6
61 77
61 10
61 64
61 134
61 16
61 116
61 171
61 100
61 96
61 48
61 53
61 66
61 35
61 75
61 140
61 76
61 164
61 99
61 136
61 107
61 23
61 72
61 30
61 60
61 154
61 183
14 36
14 120
14 125
14 117
14 79
14 44
14 103
14 92
14 22
14 100
14 18
14 34
14 97
14 74
14 87
14 105
14 25
14 90
14 164
14 139
14 4
14 57
14 26
14 55
14 111
14 124
14 94
14 183
130 36
130 6
130 9
130 10
130 78
130 134
130 80
130 116
130 38
130 100
130 96
130 13
130 53
130 71
130 35
130 93
130 140
130 31
130 164
130 99
130 63
130 107
130 149
130 72
130 51
130 60
130 3
130 183
19 36
19 120
19 9
19 117
19 78
19 44
19 80
19 92
19 38
19 100
19 18
19 13
19 97
19 71
19 87
19 93
19 25
19 31
19 164
19 139
19 63
19 57
19 149
19 55
19 51
19 124
19 3
19 183
155 36
155 125
155 77
155 79
155 64
155 103
155 16
155 22
155 171
155 100
155 34
155 48
155 74
155 66
155 105
155 75
155 90
155 76
155 164
155 4
155 136
155 26
155 23
155 111
155 30
155 94
155 154
155 183
163 36
163 6
163 77
163 73
163 134
163 16
163 121
163 100
163 96
163 48
163 20
163 35
163 75
163 2
163 164
163 99
163 136
163 150
163 72
163 30
163 152
163 183
160 36
160 120
160 125
160 73
160 44
160 103
160 121
160 100
160 18
160 34
160 20
160 87
160 105
160 2
160 164
160 139
160 4
160 150
160 55
160 111
160 152
160 183
161 36
161 6
161 9
161 73
161 134
161 80
161 121
161 100
161 96
161 13
161 20
161 35
161 93
161 2
161 164
161 99
161 63
161 150
161 72
161 51
161 152
161 183
159 36
159 120
159 9
159 73
159 44
159 80
159 121
159 100
159 18
159 13
159 20
159 87
159 93
159 2
159 164
159 139
159 63
159 150
159 55
159 51
159 152
159 183
104 36
104 125
104 77
104 73
104 103
104 16
104 121
104 100
104 34
104 48
104 20
104 105
104 75
104 2
104 164
104 4
104 136
104 150
104 111
104 30
104 152
104 183
47 36
47 117
47 10
47 79
47 64
47 78
47 92
47 116
47 22
47 171
47 38
47 100
47 97
47 53
47 74
47 66
47 71
47 25
47 140
47 90
47 76
47 31
47 164
47 57
47 107
47 26
47 23
47 149
47 124
47 60
47 94
47 154
47 3
47 183
142 36
142 6
142 77
142 10
142 64
142 127
142 100
142 96
142 48
142 53
142 66
142 118
142 164
142 99
142 136
142 107
142 23
142 81
142 183
129 36
129 120
129 125
129 117
129 79
129 127
129 100
129 18
129 34
129 97
129 74
129 118
129 164
129 139
129 4
129 57
129 26
129 81
129 183
11 36
11 6
11 9
11 10
11 78
11 127
11 100
11 96
11 13
11 53
11 71
11 118
11 164
11 99
11 63
11 107
11 149
11 81
11 183
148 36
148 120
148 9
148 117
148 78
148 127
148 100
148 18
148 13
148 97
148 71
148 118
148 164
148 139
148 63
148 57
148 149
148 81
148 183
113 36
113 125
113 77
113 79
113 64
113 127
113 100
113 34
113 48
113 74
113 66
113 118
113 164
113 4
113 136
113 26
113 23
113 81
113 183
45 36
45 6
45 77
45 73
45 127
45 100
45 96
45 48
45 20
45 118
45 164
45 99
45 136
45 150
45 81
45 183
50 36
50 120
50 125
50 73
50 127
50 100
50 18
50 34
50 20
50 118
50 164
50 139
50 4
50 150
50 81
50 183
29 36
29 6
29 9
29 73
29 127
29 100
29 96
29 13
29 20
29 118
29 164
29 99
29 63
29 150
29 81
29 183
33 36
33 120
33 9
33 73
33 127
33 100
33 18
33 13
33 20
33 118
33 164
33 139
33 63
33 150
33 81
33 183
110 36
110 125
110 77
110 73
110 127
110 100
110 34
110 48
110 20
110 118
110 164
110 4
110 136
110 150
110 81
110 183
141 36
141 117
141 10
141 79
141 64
141 78
141 127
141 100
141 97
141 53
141 74
141 66
141 71
141 118
141 164
141 57
141 107
141 26
141 23
141 149
141 81
141 183
49 36
49 44
49 134
49 103
49 16
49 80
49 92
49 116
49 22
49 171
49 38
49 121
49 100
49 87
49 35
49 105
49 75
49 93
49 25
49 140
49 90
49 76
49 31
49 2
49 164
49 55
49 72
49 111
49 30
49 51
49 124
49 60
49 94
49 154
49 3
49 152
49 183
36 1
36 41
36 43
36 42
36 24
36 58
36 91
36 131
36 115
36 28
36 114
36 40
36 109
36 101
36 89
36 106
36 62
36 98
36 132
36 95
36 138
36 83
36 86
36 59
36 68
36 102
36 46
36 82
36 12
36 27
36 144
36 85
36 39
36 21
36 128
36 112
36 108
36 37
36 133
36 54
36 17
36 70
36 122
36 119
36 137
36 52
36 146
36 158
36 88
36 168
36 15
36 165
36 169
36 126
36 147
36 123
36 143
36 65
36 69
36 176
36 7
36 157
36 67
36 156
36 180
36 166
36 173
36 153
36 184
120 84
120 96
120 48
120 53
120 66
120 35
120 75
120 140
120 76
120 68
120 46
120 27
120 85
120 112
120 37
120 17
120 122
120 189
6 84
6 18
6 34
6 97
6 74
6 87
6 105
6 25
6 90
6 59
6 102
6 12
6 144
6 128
6 108
6 54
6 70
6 189
125 84
125 96
125 13
125 53
125 71
125 35
125 93
125 140
125 31
125 68
125 82
125 27
125 39
125 112
125 133
125 17
125 119
125 189
77 84
77 18
77 13
77 97
77 71
77 87
77 93
77 25
77 31
77 59
77 82
77 12
77 39
77 128
77 133
77 54
77 119
77 189
9 84
9 34
9 48
9 74
9 66
9 105
9 75
9 90
9 76
9 102
9 46
9 144
9 85
9 108
9 37
9 70
9 122
9 189
117 84
117 96
117 48
117 20
117 35
117 75
117 2
117 68
117 46
117 21
117 112
117 37
117 137
117 189
10 84
10 18
10 34
10 20
10 87
10 105
10 2
10 59
10 102
10 21
10 128
10 108
10 137
10 189
79 84
79 96
79 13
79 20
79 35
79 93
79 2
79 68
79 82
79 21
79 112
79 133
79 137
79 189
64 84
64 18
64 13
64 20
64 87
64 93
64 2
64 59
64 82
64 21
64 128
64 133
64 137
64 189
78 84
78 34
78 48
78 20
78 105
78 75
78 2
78 102
78 46
78 21
78 108
78 37
78 137
78 189
73 84
73 97
73 53
73 74
73 66
73 71
73 25
73 140
73 90
73 76
73 31
73 12
73 27
73 144
73 85
73 39
73 54
73 17
73 70
73 122
73 119
73 189
44 84
44 96
44 48
44 53
44 66
44 118
44 68
44 46
44 27
44 85
44 52
44 189
134 84
134 18
134 34
134 97
134 74
134 118
134 59
134 102
134 12
134 144
134 52
134 189
103 84
103 96
103 13
103 53
103 71
103 118
103 68
103 82
103 27
103 39
103 52
103 189
16 84
16 18
16 13
16 97
16 71
16 118
16 59
16 82
16 12
16 39
16 52
16 189
80 84
80 34
80 48
80 74
80 66
80 118
80 102
80 46
80 144
80 85
80 52
80 189
92 84
92 96
92 48
92 20
92 118
92 68
92 46
92 21
92 52
92 189
116 84
116 18
116 34
116 20
116 118
116 59
116 102
116 21
116 52
116 189
22 84
22 96
22 13
22 20
22 118
22 68
22 82
22 21
22 52
22 189
171 84
171 18
171 13
171 20
171 118
171 59
171 82
171 21
171 52
171 189
38 84
38 34
38 48
38 20
38 118
38 102
38 46
38 21
38 52
38 189
121 84
121 97
121 53
121 74
121 66
121 71
121 118
121 12
121 27
121 144
121 85
121 39
121 52
121 189
127 84
127 87
127 35
127 105
127 75
127 93
127 25
127 140
127 90
127 76
127 31
127 2
127 128
127 112
127 108
127 37
127 133
127 54
127 17
127 70
127 122
127 119
127 137
127 189
1 84
1 96
1 48
1 53
1 66
1 35
1 75
1 140
1 76
1 164
1 189
41 84
41 18
41 34
41 97
41 74
41 87
41 105
41 25
41 90
41 164
41 189
43 84
43 96
43 13
43 53
43 71
43 35
43 93
43 140
43 31
43 164
43 189
42 84
42 18
42 13
42 97
42 71
42 87
42 93
42 25
42 31
42 164
42 189
24 84
24 34
24 48
24 74
24 66
24 105
24 75
24 90
24 76
24 164
24 189
58 84
58 96
58 48
58 20
58 35
58 75
58 2
58 164
58 189
91 84
91 18
91 34
91 20
91 87
91 105
91 2
91 164
91 189
131 84
131 96
131 13
131 20
131 35
131 93
131 2
131 164
131 189
115 84
115 18
115 13
115 20
115 87
115 93
115 2
115 164
115 189
28 84
28 34
28 48
28 20
28 105
28 75
28 2
28 164
28 189
114 84
114 97
114 53
114 74
114 66
114 71
114 25
114 140
114 90
114 76
114 31
114 164
114 189
40 84
40 96
40 48
40 53
40 66
40 118
40 164
40 189
109 84
109 18
109 34
109 97
109 74
109 118
109 164
109 189
101 84
101 96
101 13
101 53
101 71
101 118
101 164
101 189
89 84
89 18
89 13
89 97
89 71
89 118
89 164
89 189
106 84
106 34
106 48
106 74
106 66
106 118
106 164
106 189
62 84
62 96
62 48
62 20
62 118
62 164
62 189
98 84
98 18
98 34
98 20
98 118
98 164
98 189
132 84
132 96
132 13
132 20
132 118
132 164
132 189
95 84
95 18
95 13
95 20
95 118
95 164
95 189
138 84
138 34
138 48
138 20
138 118
138 164
138 189
83 84
83 97
83 53
83 74
83 66
83 71
83 118
83 164
83 189
86 84
86 87
86 35
86 105
86 75
86 93
86 25
86 140
86 90
86 76
86 31
86 2
86 164
86 189
100 84
100 59
100 68
100 102
100 46
100 82
100 12
100 27
100 144
100 85
100 39
100 21
100 128
100 112
100 108
100 37
100 133
100 54
100 17
100 70
100 122
100 119
100 137
100 52
100 189
84 139
84 99
84 4
84 136
84 63
84 57
84 107
84 26
84 23
84 149
84 150
84 55
84 72
84 111
84 30
84 51
84 124
84 60
84 94
84 154
84 3
84 152
84 81
84 146
84 158
84 88
84 168
84 15
84 165
84 169
84 126
84 147
84 123
84 143
84 65
84 69
84 176
84 7
84 157
84 67
84 156
84 180
84 166
84 173
84 153
84 184
84 183
18 185
96 185
34 185
48 185
13 185
97 185
53 185
74 185
66 185
71 185
20 185
87 185
35 185
105 185
75 185
93 185
25 185
140 185
90 185
76 185
31 185
2 185
118 185
59 185
68 185
102 185
46 185
82 185
12 185
27 185
144 185
85 185
39 185
21 185
128 185
112 185
108 185
37 185
133 185
54 185
17 185
70 185
122 185
119 185
137 185
52 185
164 185
139 185
99 185
4 185
136 185
63 185
57 185
107 185
26 185
23 185
149 185
150 185
55 185
72 185
111 185
30 185
51 185
124 185
60 185
94 185
154 185
3 185
152 185
81 185
146 185
158 185
88 185
168 185
15 185
165 185
169 185
126 185
147 185
123 185
143 185
65 185
69 185
176 185
7 185
157 185
67 185
156 185
180 185
166 185
173 185
153 185
184 185
183 185
189 185
