VERTICES = 42
EDGES = 126
42 10
39 10
29 10
36 10
33 10
34 10
30 42
30 35
26 34
26 7
26 30
21 33
21 31
21 30
3 29
3 8
3 30
2 36
2 32
2 30
22 39
22 35
4 34
4 35
14 29
14 35
1 36
1 35
24 33
24 35
23 42
23 7
23 4
25 42
25 32
25 1
27 42
27 31
27 24
17 42
17 8
17 14
12 33
12 7
12 1
12 17
13 36
13 8
13 4
13 27
6 29
6 32
6 24
6 23
19 34
19 31
19 14
19 25
18 39
18 7
18 2
18 14
18 27
9 39
9 31
9 3
9 1
9 23
5 39
5 8
5 26
5 24
5 25
16 39
16 32
16 21
16 4
16 17
28 36
28 7
28 3
28 24
28 19
28 16
15 33
15 32
15 26
15 14
15 13
15 9
20 29
20 31
20 2
20 4
20 12
20 5
37 34
37 8
37 21
37 1
37 6
37 18
38 29
38 7
38 21
38 22
38 25
38 13
11 36
11 31
11 26
11 22
11 17
11 6
40 34
40 32
40 3
40 22
40 27
40 12
41 33
41 8
41 2
41 22
41 23
41 19
