VERTICES = 68
EDGES = 408
68 24
20 24
63 24
6 24
58 24
5 24
47 24
47 6
54 24
54 58
43 24
43 5
53 24
53 20
10 24
10 63
13 24
13 68
27 52
50 49
50 27
48 39
45 39
21 52
21 45
37 49
37 48
25 52
25 39
25 27
25 48
8 49
8 39
8 50
8 45
31 52
31 49
31 21
31 37
36 27
36 50
42 48
42 37
42 36
30 45
30 21
30 36
30 42
23 68
23 20
23 63
23 52
23 49
23 39
17 6
17 53
17 13
17 49
17 27
17 48
17 23
57 5
57 53
57 10
57 39
57 21
57 37
57 23
29 58
29 10
29 13
29 52
29 50
29 45
29 23
33 20
33 6
33 5
33 27
33 21
33 8
33 23
11 68
11 6
11 58
11 48
11 45
11 31
11 23
56 63
56 58
56 5
56 50
56 37
56 25
56 23
32 6
32 58
32 5
32 25
32 8
32 31
32 17
32 57
32 29
16 47
16 54
16 43
16 25
16 8
16 31
16 33
16 11
16 56
18 47
18 43
18 53
18 27
18 21
18 8
18 32
22 54
22 43
22 10
22 50
22 37
22 25
22 32
12 47
12 54
12 13
12 48
12 45
12 31
12 32
41 6
41 43
41 13
41 27
41 31
41 42
41 22
4 6
4 54
4 53
4 48
4 8
4 36
4 22
38 58
38 47
38 10
38 45
38 25
38 36
38 18
38 4
1 5
1 54
1 53
1 37
1 8
1 30
1 12
35 5
35 47
35 10
35 21
35 25
35 42
35 12
35 41
26 58
26 43
26 13
26 50
26 31
26 30
26 18
26 1
2 53
2 10
2 13
2 52
2 49
2 39
2 18
2 22
2 12
15 68
15 5
15 47
15 27
15 31
15 42
15 17
15 56
15 26
19 20
19 58
19 43
19 37
19 8
19 30
19 57
19 11
19 4
40 68
40 5
40 54
40 50
40 31
40 30
40 29
40 33
40 41
40 19
14 63
14 6
14 54
14 45
14 25
14 36
14 29
14 33
14 35
61 20
61 58
61 47
61 48
61 8
61 36
61 17
61 56
61 1
61 14
44 63
44 6
44 43
44 21
44 25
44 42
44 57
44 11
44 38
44 15
28 20
28 5
28 13
28 39
28 27
28 30
28 29
28 18
28 35
28 61
46 68
46 6
46 10
46 49
46 45
46 42
46 57
46 12
46 4
46 40
51 63
51 5
51 13
51 39
51 50
51 42
51 17
51 22
51 1
51 14
51 46
3 63
3 58
3 53
3 52
3 37
3 36
3 17
3 22
3 26
3 44
60 68
60 58
60 53
60 52
60 48
60 30
60 57
60 12
60 38
60 15
60 28
7 20
7 6
7 10
7 49
7 21
7 36
7 29
7 18
7 41
7 19
7 3
59 68
59 43
59 53
59 39
59 27
59 30
59 33
59 4
59 44
59 51
9 20
9 54
9 10
9 52
9 37
9 36
9 56
9 35
9 40
9 60
34 68
34 43
34 10
34 39
34 50
34 42
34 56
34 38
34 19
34 28
62 63
62 47
62 53
62 49
62 21
62 36
62 33
62 1
62 15
62 46
62 9
55 63
55 47
55 13
55 49
55 45
55 42
55 11
55 26
55 61
55 7
55 34
64 20
64 54
64 13
64 52
64 48
64 30
64 11
64 41
64 14
64 3
64 59
65 68
65 20
65 47
65 49
65 27
65 48
65 16
65 41
65 4
65 2
65 9
65 34
66 68
66 63
66 54
66 52
66 50
66 45
66 16
66 38
66 26
66 2
66 59
66 62
67 20
67 63
67 43
67 39
67 21
67 37
67 16
67 1
67 35
67 2
67 55
67 64
