VERTICES = 190
EDGES = 3887
50 190
50 188
184 3
50 187
50 165
50 182
50 128
50 180
3 189
50 181
50 2
50 171
50 15
50 168
50 175
50 163
50 13
50 154
50 43
50 51
50 125
50 54
50 108
50 120
50 132
50 135
50 130
50 75
50 117
50 45
50 44
50 6
50 70
50 69
50 162
50 47
50 11
50 17
50 104
50 49
50 66
50 86
50 159
50 1
50 107
50 105
50 41
50 67
50 34
50 23
50 27
50 19
50 170
50 98
50 5
50 139
50 143
50 96
50 137
50 18
50 119
50 8
50 138
50 122
50 152
50 99
50 33
50 123
50 144
50 178
50 174
50 85
50 16
50 88
50 113
50 114
50 133
50 89
50 56
50 79
50 147
50 91
50 141
50 126
50 31
50 140
50 26
50 184
50 186
50 124
50 172
50 72
50 173
50 131
50 177
50 167
50 106
50 12
50 84
50 158
50 21
50 37
50 157
50 156
50 166
50 153
50 57
50 101
50 176
50 42
50 68
50 22
50 55
50 100
50 36
50 71
50 62
50 29
50 93
50 97
50 73
50 77
50 118
50 103
50 46
50 58
50 35
50 53
50 60
50 74
50 25
50 112
50 59
50 115
50 81
50 20
50 148
50 110
50 32
50 63
50 109
50 14
50 90
50 82
50 61
50 92
50 4
50 80
50 9
50 38
50 116
50 94
50 64
50 185
50 102
50 161
50 39
50 52
190 188
190 187
190 165
190 182
190 128
190 180
190 181
190 2
190 171
190 15
190 168
190 175
190 163
190 13
190 154
190 43
190 51
190 125
190 54
190 108
190 120
190 132
190 135
190 130
190 75
190 117
190 45
190 44
190 6
190 70
190 69
190 162
190 47
190 11
190 17
190 104
190 49
190 66
190 86
190 159
190 1
190 107
190 105
190 41
190 67
190 34
190 23
190 27
190 19
190 170
190 98
190 5
190 139
190 143
190 96
190 137
190 18
190 119
190 8
190 138
190 122
190 152
190 99
190 33
190 123
190 144
190 178
190 174
190 85
190 16
190 88
190 113
190 114
190 133
190 89
190 56
190 79
190 147
190 91
190 141
190 126
190 31
190 140
190 26
190 184
190 186
190 124
190 172
190 72
190 173
190 131
190 177
190 167
190 106
190 12
190 84
190 158
190 21
190 37
190 157
190 156
190 166
190 153
190 57
190 101
190 176
190 42
190 68
190 22
190 55
190 100
190 36
190 71
190 62
190 29
190 93
190 97
190 73
190 77
190 118
190 103
190 46
190 58
190 35
190 53
190 60
190 74
190 25
190 112
190 59
190 115
190 81
190 20
190 148
190 110
190 32
190 63
190 109
190 14
190 90
190 82
190 61
190 92
190 4
190 80
190 9
190 38
190 116
190 94
190 64
190 185
190 102
190 161
190 39
190 52
188 187
188 165
188 182
188 128
188 180
188 181
188 2
188 171
188 15
188 168
188 175
188 163
188 13
188 154
188 43
188 51
188 125
188 54
188 108
188 120
188 132
188 135
188 130
188 75
188 117
188 45
188 44
188 6
188 70
188 69
188 162
188 47
188 11
188 17
188 104
188 49
188 66
188 86
188 159
188 1
188 107
188 105
188 41
188 67
188 34
188 23
188 27
188 19
188 170
188 98
188 5
188 139
188 143
188 96
188 137
188 18
188 119
188 8
188 138
188 122
188 152
188 99
188 33
188 123
188 144
188 178
188 174
188 88
188 113
188 114
188 133
188 89
188 56
188 79
188 147
188 91
188 141
188 126
188 31
188 140
188 26
187 165
187 182
187 128
187 180
187 181
187 2
187 171
187 15
187 168
187 175
187 163
187 13
187 154
187 43
187 51
187 125
187 54
187 108
187 120
187 132
187 135
187 130
187 75
187 117
187 45
187 44
187 6
187 70
187 69
187 162
187 47
187 11
187 17
187 104
187 49
187 66
187 86
187 159
187 1
187 107
187 105
187 41
187 67
187 34
187 23
187 27
187 19
187 170
187 98
187 5
187 139
187 143
187 96
187 137
187 18
187 119
187 8
187 138
187 122
187 152
187 99
187 33
187 123
187 144
187 178
187 174
165 182
165 128
165 180
165 181
165 2
165 171
165 15
165 168
165 175
165 163
165 13
165 154
165 43
165 51
165 125
165 54
165 108
165 120
165 132
165 135
165 130
165 75
165 117
165 45
165 44
165 6
165 70
165 69
165 162
165 47
165 11
165 17
165 104
165 49
165 66
165 86
165 159
165 1
165 107
165 105
165 41
165 67
165 34
165 23
165 27
165 19
165 170
165 98
165 5
165 139
165 143
165 96
165 137
165 18
165 119
165 8
165 138
165 122
165 152
165 99
165 33
165 123
165 144
165 178
165 174
165 26
165 167
182 128
182 180
182 181
182 2
182 171
182 15
182 168
182 175
182 163
182 13
182 154
182 43
182 51
182 125
182 54
182 108
182 120
182 132
182 135
182 130
182 75
182 117
182 45
182 44
182 6
182 70
182 69
182 162
182 47
182 11
182 17
182 104
182 49
182 66
182 86
182 159
182 1
182 107
182 105
182 41
182 67
182 34
182 23
182 27
182 19
182 170
182 98
182 5
182 139
182 143
182 96
182 137
182 18
182 119
182 8
182 138
182 122
182 152
182 99
182 33
182 123
182 144
182 178
182 174
182 140
182 26
182 106
182 167
128 180
128 181
128 2
128 171
128 15
128 168
128 175
128 163
128 13
128 154
128 43
128 51
128 125
128 54
128 108
128 120
128 132
128 135
128 130
128 75
128 117
128 45
128 44
128 6
128 70
128 69
128 162
128 47
128 11
128 17
128 104
128 49
128 66
128 86
128 159
128 1
128 107
128 105
128 41
128 67
128 34
128 23
128 27
128 19
128 170
128 98
128 5
128 139
128 143
128 96
128 137
128 18
128 119
128 8
128 138
128 122
128 152
128 99
128 33
128 123
128 144
128 178
128 174
128 31
128 140
128 26
128 12
128 106
128 167
180 181
180 2
180 171
180 15
180 168
180 175
180 163
180 13
180 154
180 43
180 51
180 125
180 54
180 108
180 120
180 132
180 135
180 130
180 75
180 117
180 45
180 44
180 6
180 70
180 69
180 162
180 47
180 11
180 17
180 104
180 49
180 66
180 86
180 159
180 1
180 107
180 105
180 41
180 67
180 34
180 23
180 27
180 19
180 170
180 98
180 5
180 139
180 143
180 96
180 137
180 18
180 119
180 8
180 138
180 122
180 152
180 99
180 33
180 123
180 144
180 178
180 174
180 126
180 31
180 140
180 26
180 84
180 12
180 106
180 167
181 2
181 171
181 15
181 168
181 175
181 163
181 13
181 154
181 43
181 51
181 125
181 54
181 108
181 120
181 132
181 135
181 130
181 75
181 117
181 45
181 44
181 6
181 70
181 69
181 162
181 47
181 11
181 17
181 104
181 49
181 66
181 86
181 159
181 1
181 107
181 105
181 41
181 67
181 34
181 23
181 27
181 19
181 170
181 98
181 5
181 139
181 143
181 96
181 137
181 18
181 119
181 8
181 138
181 122
181 152
181 99
181 33
181 123
181 144
181 178
181 174
181 141
181 126
181 31
181 140
181 26
181 158
181 84
181 12
181 106
181 167
2 171
2 15
2 168
2 175
2 163
2 13
2 154
2 43
2 51
2 125
2 54
2 108
2 120
2 132
2 135
2 130
2 75
2 117
2 45
2 44
2 6
2 70
2 69
2 162
2 47
2 11
2 17
2 104
2 49
2 66
2 86
2 159
2 1
2 107
2 105
2 41
2 67
2 34
2 23
2 27
2 19
2 170
2 98
2 5
2 139
2 143
2 96
2 137
2 18
2 119
2 8
2 138
2 122
2 152
2 99
2 33
2 123
2 144
2 178
2 174
2 91
2 141
2 126
2 31
2 140
2 26
2 21
2 158
2 84
2 12
2 106
2 167
171 15
171 168
171 175
171 163
171 13
171 154
171 43
171 51
171 125
171 54
171 108
171 120
171 132
171 135
171 130
171 75
171 117
171 45
171 44
171 6
171 70
171 69
171 162
171 47
171 11
171 17
171 104
171 49
171 66
171 86
171 159
171 1
171 107
171 105
171 41
171 67
171 34
171 23
171 27
171 19
171 170
171 98
171 5
171 139
171 143
171 96
171 137
171 18
171 119
171 8
171 138
171 122
171 152
171 99
171 33
171 123
171 144
171 178
171 174
171 79
171 147
171 91
171 141
171 126
171 31
171 140
171 26
15 168
15 175
15 163
15 13
15 154
15 43
15 51
15 125
15 54
15 108
15 120
15 132
15 135
15 130
15 75
15 117
15 45
15 44
15 6
15 70
15 69
15 162
15 47
15 11
15 17
15 104
15 49
15 66
15 86
15 159
15 1
15 107
15 105
15 41
15 67
15 34
15 23
15 27
15 19
15 170
15 98
15 5
15 139
15 143
15 96
15 137
15 18
15 119
15 8
15 138
15 122
15 152
15 99
15 33
15 123
15 144
15 178
15 174
15 89
15 56
15 79
15 147
15 91
15 141
15 126
15 31
15 140
15 26
168 175
168 163
168 13
168 154
168 43
168 51
168 125
168 54
168 108
168 120
168 132
168 135
168 130
168 75
168 117
168 45
168 44
168 6
168 70
168 69
168 162
168 47
168 11
168 17
168 104
168 49
168 66
168 86
168 159
168 1
168 107
168 105
168 41
168 67
168 34
168 23
168 27
168 19
168 170
168 98
168 5
168 139
168 143
168 96
168 137
168 18
168 119
168 8
168 138
168 122
168 152
168 99
168 33
168 123
168 144
168 178
168 174
168 114
168 133
168 89
168 56
168 79
168 147
168 91
168 141
168 126
168 31
168 140
168 26
175 163
175 13
175 154
175 43
175 51
175 125
175 54
175 108
175 120
175 132
175 135
175 130
175 75
175 117
175 45
175 44
175 6
175 70
175 69
175 162
175 47
175 11
175 17
175 104
175 49
175 66
175 86
175 159
175 1
175 107
175 105
175 41
175 67
175 34
175 23
175 27
175 19
175 170
175 98
175 5
175 139
175 143
175 96
175 137
175 18
175 119
175 8
175 138
175 122
175 152
175 99
175 33
175 123
175 144
175 178
175 174
175 113
175 114
175 133
175 89
175 56
175 79
175 147
175 91
175 141
175 126
175 31
175 140
175 26
163 13
163 154
163 43
163 51
163 125
163 54
163 108
163 120
163 132
163 135
163 130
163 75
163 117
163 45
163 44
163 6
163 70
163 69
163 162
163 47
163 11
163 17
163 104
163 49
163 66
163 86
163 159
163 1
163 107
163 105
163 41
163 67
163 34
163 23
163 27
163 19
163 170
163 98
163 5
163 139
163 143
163 96
163 137
163 18
163 119
163 8
163 138
163 122
163 152
163 99
163 33
163 123
163 144
163 178
163 174
13 154
13 43
13 51
13 125
13 54
13 108
13 120
13 132
13 135
13 130
13 75
13 117
13 45
13 44
13 6
13 70
13 69
13 162
13 47
13 11
13 17
13 104
13 49
13 66
13 86
13 159
13 1
13 107
13 105
13 41
13 67
13 34
13 23
13 27
13 19
13 170
13 98
13 5
13 139
13 143
13 96
13 137
13 18
13 119
13 8
13 138
13 122
13 152
13 99
13 33
13 123
13 144
13 178
13 174
13 147
13 91
13 141
13 126
13 31
13 140
13 26
13 21
13 158
13 84
13 12
13 106
13 167
13 37
121 169
121 10
121 76
121 134
121 95
121 149
121 151
121 164
121 28
121 48
121 136
121 111
121 150
121 155
121 145
121 80
121 110
121 14
121 124
121 26
121 140
121 31
121 126
121 141
121 91
121 147
121 79
121 56
121 89
121 133
121 114
121 113
121 88
121 16
121 85
121 81
121 115
121 59
121 112
121 25
121 74
121 60
121 53
121 35
121 58
121 46
121 103
121 118
121 77
121 73
121 97
121 93
121 29
121 62
121 71
121 36
121 100
121 55
121 22
121 68
121 42
121 176
121 101
121 148
121 20
121 109
121 63
121 4
121 92
121 61
121 82
121 39
121 161
121 102
121 185
121 52
121 64
121 94
121 116
121 38
121 9
121 90
121 32
121 57
121 153
121 166
121 156
121 157
121 37
121 21
121 158
121 84
121 12
121 106
121 167
121 131
121 173
121 72
121 172
121 177
121 186
121 184
121 70
121 6
121 44
121 45
121 117
121 75
121 130
121 135
121 132
121 120
121 108
121 54
121 125
121 51
121 43
121 174
121 178
121 144
121 123
121 33
121 69
121 154
121 86
121 66
121 49
121 104
121 17
121 11
121 47
121 162
121 99
121 152
121 122
121 138
121 8
121 1
121 159
121 119
121 18
121 137
121 96
121 143
121 139
121 5
121 41
121 105
121 107
121 98
121 170
121 19
121 27
121 23
121 34
121 67
169 10
169 76
169 134
169 95
169 149
169 151
169 164
169 28
169 48
169 136
169 111
169 150
169 155
169 145
169 80
169 110
169 14
169 124
169 26
169 140
169 31
169 126
169 141
169 91
169 147
169 79
169 56
169 89
169 133
169 114
169 113
169 88
169 16
169 85
169 81
169 115
169 59
169 112
169 25
169 74
169 60
169 53
169 35
169 58
169 46
169 103
169 118
169 77
169 73
169 97
169 93
169 29
169 62
169 71
169 36
169 100
169 55
169 22
169 68
169 42
169 176
169 101
169 148
169 20
169 109
169 63
169 4
169 92
169 61
169 82
169 39
169 161
169 102
169 185
169 52
169 64
169 94
169 116
169 38
169 9
169 90
169 32
169 57
169 153
169 166
169 156
169 157
169 37
169 21
169 158
169 84
169 12
169 106
169 167
169 131
169 173
169 72
169 172
169 177
169 186
169 184
10 76
10 134
10 95
10 149
10 151
10 164
10 28
10 48
10 136
10 111
10 150
10 155
10 145
10 80
10 110
10 14
10 124
10 26
10 140
10 31
10 126
10 141
10 91
10 147
10 79
10 56
10 89
10 133
10 114
10 113
10 88
10 16
10 85
10 81
10 115
10 59
10 112
10 25
10 74
10 60
10 53
10 35
10 58
10 46
10 103
10 118
10 77
10 73
10 97
10 93
10 29
10 62
10 71
10 36
10 100
10 55
10 22
10 68
10 42
10 176
10 101
10 148
10 20
10 109
10 63
10 4
10 92
10 61
10 82
10 39
10 161
10 102
10 185
10 52
10 64
10 94
10 116
10 38
10 9
10 90
10 32
10 57
10 153
10 166
10 156
10 157
10 37
10 21
10 158
10 84
10 12
10 106
10 167
10 131
10 173
10 72
10 172
10 177
10 186
10 184
10 43
10 33
76 134
76 95
76 149
76 151
76 164
76 28
76 48
76 136
76 111
76 150
76 155
76 145
76 80
76 110
76 14
76 124
76 26
76 140
76 31
76 126
76 141
76 91
76 147
76 79
76 56
76 89
76 133
76 114
76 113
76 88
76 16
76 85
76 81
76 115
76 59
76 112
76 25
76 74
76 60
76 53
76 35
76 58
76 46
76 103
76 118
76 77
76 73
76 97
76 93
76 29
76 62
76 71
76 36
76 100
76 55
76 22
76 68
76 42
76 176
76 101
76 148
76 20
76 109
76 63
76 4
76 92
76 61
76 82
76 39
76 161
76 102
76 185
76 52
76 64
76 94
76 116
76 38
76 9
76 90
76 32
76 57
76 153
76 166
76 156
76 157
76 37
76 21
76 158
76 84
76 12
76 106
76 167
76 131
76 173
76 72
76 172
76 177
76 186
76 184
76 51
76 43
76 123
76 33
134 95
134 149
134 151
134 164
134 28
134 48
134 136
134 111
134 150
134 155
134 145
134 80
134 110
134 14
134 124
134 26
134 140
134 31
134 126
134 141
134 91
134 147
134 79
134 56
134 89
134 133
134 114
134 113
134 88
134 16
134 85
134 81
134 115
134 59
134 112
134 25
134 74
134 60
134 53
134 35
134 58
134 46
134 103
134 118
134 77
134 73
134 97
134 93
134 29
134 62
134 71
134 36
134 100
134 55
134 22
134 68
134 42
134 176
134 101
134 148
134 20
134 109
134 63
134 4
134 92
134 61
134 82
134 39
134 161
134 102
134 185
134 52
134 64
134 94
134 116
134 38
134 9
134 90
134 32
134 57
134 153
134 166
134 156
134 157
134 37
134 21
134 158
134 84
134 12
134 106
134 167
134 131
134 173
134 72
134 172
134 177
134 186
134 184
134 125
134 51
134 43
134 144
134 123
134 33
95 149
95 151
95 164
95 28
95 48
95 136
95 111
95 150
95 155
95 145
95 80
95 110
95 14
95 124
95 26
95 140
95 31
95 126
95 141
95 91
95 147
95 79
95 56
95 89
95 133
95 114
95 113
95 88
95 16
95 85
95 81
95 115
95 59
95 112
95 25
95 74
95 60
95 53
95 35
95 58
95 46
95 103
95 118
95 77
95 73
95 97
95 93
95 29
95 62
95 71
95 36
95 100
95 55
95 22
95 68
95 42
95 176
95 101
95 148
95 20
95 109
95 63
95 4
95 92
95 61
95 82
95 39
95 161
95 102
95 185
95 52
95 64
95 94
95 116
95 38
95 9
95 90
95 32
95 57
95 153
95 166
95 156
95 157
95 37
95 21
95 158
95 84
95 12
95 106
95 167
95 131
95 173
95 72
95 172
95 177
95 186
95 184
95 54
95 125
95 51
95 43
95 144
95 123
95 33
149 151
149 164
149 28
149 48
149 136
149 111
149 150
149 155
149 145
149 80
149 110
149 14
149 124
149 26
149 140
149 31
149 126
149 141
149 91
149 147
149 79
149 56
149 89
149 133
149 114
149 113
149 88
149 16
149 85
149 81
149 115
149 59
149 112
149 25
149 74
149 60
149 53
149 35
149 58
149 46
149 103
149 118
149 77
149 73
149 97
149 93
149 29
149 62
149 71
149 36
149 100
149 55
149 22
149 68
149 42
149 176
149 101
149 148
149 20
149 109
149 63
149 4
149 92
149 61
149 82
149 39
149 161
149 102
149 185
149 52
149 64
149 94
149 116
149 38
149 9
149 90
149 32
149 57
149 153
149 166
149 156
149 157
149 37
149 21
149 158
149 84
149 12
149 106
149 167
149 131
149 173
149 72
149 172
149 177
149 186
149 184
149 108
149 54
149 125
149 51
149 43
149 144
149 123
149 33
151 164
151 28
151 48
151 136
151 111
151 150
151 155
151 145
151 80
151 110
151 14
151 124
151 26
151 140
151 31
151 126
151 141
151 91
151 147
151 79
151 56
151 89
151 133
151 114
151 113
151 88
151 16
151 85
151 81
151 115
151 59
151 112
151 25
151 74
151 60
151 53
151 35
151 58
151 46
151 103
151 118
151 77
151 73
151 97
151 93
151 29
151 62
151 71
151 36
151 100
151 55
151 22
151 68
151 42
151 176
151 101
151 148
151 20
151 109
151 63
151 4
151 92
151 61
151 82
151 39
151 161
151 102
151 185
151 52
151 64
151 94
151 116
151 38
151 9
151 90
151 32
151 57
151 153
151 166
151 156
151 157
151 37
151 21
151 158
151 84
151 12
151 106
151 167
151 131
151 173
151 72
151 172
151 177
151 186
151 184
151 120
151 108
151 54
151 125
151 51
151 43
151 144
151 123
151 33
164 28
164 48
164 136
164 111
164 150
164 155
164 145
164 80
164 110
164 14
164 124
164 26
164 140
164 31
164 126
164 141
164 91
164 147
164 79
164 56
164 89
164 133
164 114
164 113
164 88
164 16
164 85
164 81
164 115
164 59
164 112
164 25
164 74
164 60
164 53
164 35
164 58
164 46
164 103
164 118
164 77
164 73
164 97
164 93
164 29
164 62
164 71
164 36
164 100
164 55
164 22
164 68
164 42
164 176
164 101
164 148
164 20
164 109
164 63
164 4
164 92
164 61
164 82
164 39
164 161
164 102
164 185
164 52
164 64
164 94
164 116
164 38
164 9
164 90
164 32
164 57
164 153
164 166
164 156
164 157
164 37
164 21
164 158
164 84
164 12
164 106
164 167
164 131
164 173
164 72
164 172
164 177
164 186
164 184
164 132
164 120
164 108
164 54
164 125
164 51
164 43
164 144
164 123
164 33
28 48
28 136
28 111
28 150
28 155
28 145
28 80
28 110
28 14
28 124
28 26
28 140
28 31
28 126
28 141
28 91
28 147
28 79
28 56
28 89
28 133
28 114
28 113
28 88
28 16
28 85
28 81
28 115
28 59
28 112
28 25
28 74
28 60
28 53
28 35
28 58
28 46
28 103
28 118
28 77
28 73
28 97
28 93
28 29
28 62
28 71
28 36
28 100
28 55
28 22
28 68
28 42
28 176
28 101
28 148
28 20
28 109
28 63
28 4
28 92
28 61
28 82
28 39
28 161
28 102
28 185
28 52
28 64
28 94
28 116
28 38
28 9
28 90
28 32
28 57
28 153
28 166
28 156
28 157
28 37
28 21
28 158
28 84
28 12
28 106
28 167
28 131
28 173
28 72
28 172
28 177
28 186
28 184
28 135
28 132
28 120
28 108
28 54
28 125
28 51
28 43
28 144
28 123
28 33
48 136
48 111
48 150
48 155
48 145
48 80
48 110
48 14
48 124
48 26
48 140
48 31
48 126
48 141
48 91
48 147
48 79
48 56
48 89
48 133
48 114
48 113
48 88
48 16
48 85
48 81
48 115
48 59
48 112
48 25
48 74
48 60
48 53
48 35
48 58
48 46
48 103
48 118
48 77
48 73
48 97
48 93
48 29
48 62
48 71
48 36
48 100
48 55
48 22
48 68
48 42
48 176
48 101
48 148
48 20
48 109
48 63
48 4
48 92
48 61
48 82
48 39
48 161
48 102
48 185
48 52
48 64
48 94
48 116
48 38
48 9
48 90
48 32
48 57
48 153
48 166
48 156
48 157
48 37
48 21
48 158
48 84
48 12
48 106
48 167
48 131
48 173
48 72
48 172
48 177
48 186
48 184
136 111
136 150
136 155
136 145
136 80
136 110
136 14
136 124
136 26
136 140
136 31
136 126
136 141
136 91
136 147
136 79
136 56
136 89
136 133
136 114
136 113
136 88
136 16
136 85
136 81
136 115
136 59
136 112
136 25
136 74
136 60
136 53
136 35
136 58
136 46
136 103
136 118
136 77
136 73
136 97
136 93
136 29
136 62
136 71
136 36
136 100
136 55
136 22
136 68
136 42
136 176
136 101
136 148
136 20
136 109
136 63
136 4
136 92
136 61
136 82
136 39
136 161
136 102
136 185
136 52
136 64
136 94
136 116
136 38
136 9
136 90
136 32
136 57
136 153
136 166
136 156
136 157
136 37
136 21
136 158
136 84
136 12
136 106
136 167
136 131
136 173
136 72
136 172
136 177
136 186
136 184
111 150
111 155
111 145
111 80
111 110
111 14
111 124
111 26
111 140
111 31
111 126
111 141
111 91
111 147
111 79
111 56
111 89
111 133
111 114
111 113
111 88
111 16
111 85
111 81
111 115
111 59
111 112
111 25
111 74
111 60
111 53
111 35
111 58
111 46
111 103
111 118
111 77
111 73
111 97
111 93
111 29
111 62
111 71
111 36
111 100
111 55
111 22
111 68
111 42
111 176
111 101
111 148
111 20
111 109
111 63
111 4
111 92
111 61
111 82
111 39
111 161
111 102
111 185
111 52
111 64
111 94
111 116
111 38
111 9
111 90
111 32
111 57
111 153
111 166
111 156
111 157
111 37
111 21
111 158
111 84
111 12
111 106
111 167
111 131
111 173
111 72
111 172
111 177
111 186
111 184
150 155
150 145
150 80
150 110
150 14
150 124
150 26
150 140
150 31
150 126
150 141
150 91
150 147
150 79
150 56
150 89
150 133
150 114
150 113
150 88
150 16
150 85
150 81
150 115
150 59
150 112
150 25
150 74
150 60
150 53
150 35
150 58
150 46
150 103
150 118
150 77
150 73
150 97
150 93
150 29
150 62
150 71
150 36
150 100
150 55
150 22
150 68
150 42
150 176
150 101
150 148
150 20
150 109
150 63
150 4
150 92
150 61
150 82
150 39
150 161
150 102
150 185
150 52
150 64
150 94
150 116
150 38
150 9
150 90
150 32
150 57
150 153
150 166
150 156
150 157
150 37
150 21
150 158
150 84
150 12
150 106
150 167
150 131
150 173
150 72
150 172
150 177
150 186
150 184
155 145
155 80
155 110
155 14
155 124
155 26
155 140
155 31
155 126
155 141
155 91
155 147
155 79
155 56
155 89
155 133
155 114
155 113
155 88
155 16
155 85
155 81
155 115
155 59
155 112
155 25
155 74
155 60
155 53
155 35
155 58
155 46
155 103
155 118
155 77
155 73
155 97
155 93
155 29
155 62
155 71
155 36
155 100
155 55
155 22
155 68
155 42
155 176
155 101
155 148
155 20
155 109
155 63
155 4
155 92
155 61
155 82
155 39
155 161
155 102
155 185
155 52
155 64
155 94
155 116
155 38
155 9
155 90
155 32
155 57
155 153
155 166
155 156
155 157
155 37
155 21
155 158
155 84
155 12
155 106
155 167
155 131
155 173
155 72
155 172
155 177
155 186
155 184
145 80
145 110
145 14
145 124
145 26
145 140
145 31
145 126
145 141
145 91
145 147
145 79
145 56
145 89
145 133
145 114
145 113
145 88
145 16
145 85
145 81
145 115
145 59
145 112
145 25
145 74
145 60
145 53
145 35
145 58
145 46
145 103
145 118
145 77
145 73
145 97
145 93
145 29
145 62
145 71
145 36
145 100
145 55
145 22
145 68
145 42
145 176
145 101
145 148
145 20
145 109
145 63
145 4
145 92
145 61
145 82
145 39
145 161
145 102
145 185
145 52
145 64
145 94
145 116
145 38
145 9
145 90
145 32
145 57
145 153
145 166
145 156
145 157
145 37
145 21
145 158
145 84
145 12
145 106
145 167
145 131
145 173
145 72
145 172
145 177
145 186
145 184
154 86
154 69
154 70
154 6
154 44
154 117
154 75
154 130
154 135
154 132
154 120
154 108
154 54
154 159
80 176
80 42
80 22
80 55
80 36
80 71
80 93
80 97
80 77
80 115
80 88
80 9
80 38
80 116
80 94
80 64
110 176
110 42
110 22
110 55
110 36
110 71
110 93
110 97
110 77
110 115
110 88
110 32
14 176
14 42
14 22
14 55
14 36
14 71
14 93
14 97
14 77
14 115
14 88
14 90
124 172
124 72
124 177
54 70
54 6
54 44
54 45
54 117
54 75
54 130
54 135
54 132
54 120
54 108
54 174
54 178
54 144
54 123
54 33
54 69
54 86
54 66
54 49
54 104
54 17
54 11
54 47
54 162
54 99
54 152
54 122
54 138
54 8
54 1
54 159
54 119
54 18
54 137
54 96
54 143
54 139
54 5
54 41
54 105
54 107
54 98
54 170
54 19
54 27
54 23
54 34
54 67
108 70
108 6
108 44
108 45
108 117
108 75
108 130
108 135
108 132
108 120
108 174
108 178
108 144
108 123
108 33
108 69
108 86
108 66
108 49
108 104
108 17
108 11
108 47
108 162
108 99
108 152
108 122
108 138
108 8
108 1
108 159
108 119
108 18
108 137
108 96
108 143
108 139
108 5
108 41
108 105
108 107
108 98
108 170
108 19
108 27
108 23
108 34
108 67
120 70
120 6
120 44
120 45
120 117
120 75
120 130
120 135
120 132
120 174
120 178
120 144
120 123
120 33
120 69
120 86
120 66
120 49
120 104
120 17
120 11
120 47
120 162
120 99
120 152
120 122
120 138
120 8
120 1
120 159
120 119
120 18
120 137
120 96
120 143
120 139
120 5
120 41
120 105
120 107
120 98
120 170
120 19
120 27
120 23
120 34
120 67
132 70
132 6
132 44
132 45
132 117
132 75
132 130
132 135
132 174
132 178
132 144
132 123
132 33
132 69
132 86
132 66
132 49
132 104
132 17
132 11
132 47
132 162
132 99
132 152
132 122
132 138
132 8
132 1
132 159
132 119
132 18
132 137
132 96
132 143
132 139
132 5
132 41
132 105
132 107
132 98
132 170
132 19
132 27
132 23
132 34
132 67
135 70
135 6
135 44
135 45
135 117
135 75
135 130
135 174
135 178
135 144
135 123
135 33
135 69
135 86
135 66
135 49
135 104
135 17
135 11
135 47
135 162
135 99
135 152
135 122
135 138
135 8
135 1
135 159
135 119
135 18
135 137
135 96
135 143
135 139
135 5
135 41
135 105
135 107
135 98
135 170
135 19
135 27
135 23
135 34
135 67
130 70
130 6
130 44
130 45
130 117
130 75
130 174
130 178
130 144
130 123
130 33
130 69
130 86
130 66
130 49
130 104
130 17
130 11
130 47
130 162
130 99
130 152
130 122
130 138
130 8
130 1
130 159
130 119
130 18
130 137
130 96
130 143
130 139
130 5
130 41
130 105
130 107
130 98
130 170
130 19
130 27
130 23
130 34
130 67
88 85
88 16
88 101
88 176
88 42
88 68
88 22
88 55
88 100
88 36
88 71
88 62
88 29
88 93
88 97
88 73
88 77
88 118
88 103
88 46
88 58
88 35
88 53
88 60
88 74
88 25
88 112
88 59
88 115
88 81
88 20
88 148
88 32
88 63
88 109
88 90
88 82
88 61
88 92
88 4
88 9
88 38
88 116
88 94
88 64
88 185
88 102
88 161
88 39
75 70
75 6
75 44
75 45
75 117
75 69
75 86
75 66
75 49
75 104
75 17
75 11
75 47
75 162
75 99
75 152
75 122
75 138
75 8
75 1
75 159
75 119
75 18
75 137
75 96
75 143
75 139
75 5
75 41
75 105
75 107
75 98
75 170
75 19
75 27
75 23
75 34
75 67
117 70
117 6
117 44
117 45
117 69
117 86
117 66
117 49
117 104
117 17
117 11
117 47
117 162
117 99
117 152
117 122
117 138
117 8
117 1
117 159
117 119
117 18
117 137
117 96
117 143
117 139
117 5
117 41
117 105
117 107
117 98
117 170
117 19
117 27
117 23
117 34
117 67
44 70
44 6
44 69
44 86
44 66
44 49
44 104
44 17
44 11
44 47
44 162
44 99
44 152
44 122
44 138
44 8
44 1
44 159
44 119
44 18
44 137
44 96
44 143
44 139
44 5
44 41
44 105
44 107
44 98
44 170
44 19
44 27
44 23
44 34
44 67
6 70
6 69
6 86
6 66
6 49
6 104
6 17
6 11
6 47
6 162
6 99
6 152
6 122
6 138
6 8
6 1
6 159
6 119
6 18
6 137
6 96
6 143
6 139
6 5
6 41
6 105
6 107
6 98
6 170
6 19
6 27
6 23
6 34
6 67
70 69
70 86
70 66
70 49
70 104
70 17
70 11
70 47
70 162
70 99
70 152
70 122
70 138
70 8
70 1
70 159
70 119
70 18
70 137
70 96
70 143
70 139
70 5
70 41
70 105
70 107
70 98
70 170
70 19
70 27
70 23
70 34
70 67
81 25
81 112
81 59
81 115
69 86
69 66
69 49
69 104
69 17
69 11
69 47
69 162
69 99
69 152
69 122
69 138
69 8
69 1
69 159
69 119
69 18
69 137
69 96
69 143
69 139
69 5
69 41
69 105
69 107
69 98
69 170
69 19
69 27
69 23
69 34
69 67
115 101
115 176
115 42
115 68
115 22
115 55
115 100
115 36
115 71
115 62
115 29
115 93
115 97
115 73
115 77
115 118
115 103
115 46
115 58
115 35
115 53
115 60
115 74
115 25
115 112
115 59
115 20
115 148
115 32
115 63
115 109
115 90
115 82
115 61
115 92
115 4
115 9
115 38
115 116
115 94
115 64
115 185
115 102
115 161
115 39
112 25
53 103
53 46
53 58
53 35
35 77
35 118
35 103
35 46
35 58
58 73
58 77
58 118
58 103
58 46
46 97
46 73
46 77
46 118
46 103
103 29
103 93
103 97
103 73
103 77
103 118
118 71
118 62
118 29
118 93
118 97
118 73
118 77
77 101
77 176
77 42
77 68
77 22
77 55
77 100
77 36
77 71
77 62
77 29
77 93
77 97
77 73
77 20
77 148
77 32
77 63
77 109
77 90
77 82
77 61
77 92
77 4
77 9
77 38
77 116
77 94
77 64
77 185
77 102
77 161
77 39
73 93
73 97
97 101
97 176
97 42
97 68
97 22
97 55
97 100
97 36
97 71
97 62
97 29
97 93
97 20
97 148
97 32
97 63
97 109
97 90
97 82
97 61
97 92
97 4
97 9
97 38
97 116
97 94
97 64
97 185
97 102
97 161
97 39
93 101
93 176
93 42
93 68
93 22
93 55
93 100
93 36
93 71
93 62
93 29
93 20
93 148
93 32
93 63
93 109
93 90
93 82
93 61
93 92
93 4
93 9
93 38
93 116
93 94
93 64
93 185
93 102
93 161
93 39
29 55
29 100
29 36
29 71
29 62
62 42
62 68
62 22
62 55
62 100
62 36
62 71
71 101
71 176
71 42
71 68
71 22
71 55
71 100
71 36
71 20
71 148
71 32
71 63
71 109
71 90
71 82
71 61
71 92
71 4
71 9
71 38
71 116
71 94
71 64
71 185
71 102
71 161
71 39
36 101
36 176
36 42
36 68
36 22
36 55
36 100
36 20
36 148
36 32
36 63
36 109
36 90
36 82
36 61
36 92
36 4
36 9
36 38
36 116
36 94
36 64
36 185
36 102
36 161
36 39
55 101
55 176
55 42
55 68
55 22
55 20
55 148
55 32
55 63
55 109
55 90
55 82
55 61
55 92
55 4
55 9
55 38
55 116
55 94
55 64
55 185
55 102
55 161
55 39
22 101
22 176
22 42
22 68
22 20
22 148
22 32
22 63
22 109
22 90
22 82
22 61
22 92
22 4
22 9
22 38
22 116
22 94
22 64
22 185
22 102
22 161
22 39
42 101
42 176
42 20
42 148
42 32
42 63
42 109
42 90
42 82
42 61
42 92
42 4
42 9
42 38
42 116
42 94
42 64
42 185
42 102
42 161
42 39
176 101
176 20
176 148
176 32
176 63
176 109
176 90
176 82
176 61
176 92
176 4
176 9
176 38
176 116
176 94
176 64
176 185
176 102
176 161
176 39
148 20
86 99
86 152
86 122
86 138
86 8
109 63
4 82
4 61
4 92
92 82
92 61
61 82
107 105
161 102
64 38
64 116
64 94
67 27
67 23
67 34
34 23
19 170
5 96
5 143
5 139
139 143
137 18
57 153
33 144
33 123
123 144
166 156
157 167
157 106
157 12
157 84
157 158
157 21
157 37
37 167
37 106
37 12
37 84
37 158
37 21
21 167
21 106
21 12
21 84
21 158
158 167
158 106
158 12
158 84
84 167
84 106
84 12
12 167
12 106
106 167
131 173
173 72
72 172
72 177
172 177
