VERTICES = 60
EDGES = 447
37 18
37 24
37 1
37 28
37 33
37 9
37 3
37 51
37 4
37 32
37 22
37 29
37 23
37 40
37 55
37 59
60 8
60 49
60 52
60 12
60 27
60 21
60 34
60 15
60 31
60 5
60 30
60 46
60 2
60 20
60 38
60 14
60 26
60 36
60 42
60 50
60 6
58 57
58 24
58 47
58 3
58 51
58 35
58 22
58 29
58 23
58 19
58 40
58 59
57 52
57 12
57 27
57 7
57 31
57 5
57 30
57 46
57 17
57 13
57 38
57 14
57 44
57 26
57 36
57 42
57 50
57 56
8 18
8 24
8 1
8 28
8 33
8 25
8 32
8 35
8 22
8 23
8 41
8 39
8 19
8 16
8 45
8 48
8 43
8 53
8 55
18 21
18 11
18 34
18 15
18 46
18 17
18 2
18 13
18 20
18 44
18 26
18 42
18 54
18 6
18 56
49 24
49 1
49 9
49 47
49 25
49 22
49 29
49 41
49 16
49 43
49 53
49 10
49 55
49 59
24 12
24 21
24 34
24 46
24 17
24 2
24 14
24 26
24 36
24 42
24 50
52 33
52 9
52 25
52 51
52 4
52 35
52 29
52 23
52 41
52 39
52 40
52 16
52 48
52 53
52 10
1 12
1 27
1 7
1 30
1 17
1 2
1 13
1 20
1 38
1 14
1 26
1 36
1 50
12 28
12 33
12 9
12 3
12 25
12 4
12 22
12 29
12 23
12 39
12 45
12 48
12 43
12 53
12 10
12 59
28 27
28 21
28 11
28 15
28 31
28 30
28 46
28 17
28 2
28 44
28 36
28 54
28 6
27 33
27 47
27 25
27 51
27 32
27 23
27 41
27 40
27 45
27 43
33 21
33 11
33 7
33 34
33 15
33 31
33 5
33 13
33 20
33 38
33 26
33 36
33 50
33 54
33 6
33 56
21 51
21 35
21 41
21 39
21 45
21 48
21 53
21 55
21 59
9 11
9 34
9 46
9 2
9 13
9 14
9 26
9 42
11 51
11 32
11 22
11 23
11 40
11 59
47 34
47 5
47 30
47 17
47 20
47 42
47 6
47 56
7 3
7 25
7 51
7 4
7 35
7 22
7 39
7 19
7 40
7 48
7 10
3 34
3 15
3 17
3 14
3 36
3 50
3 54
3 56
34 32
34 29
34 16
34 45
34 48
34 43
34 53
34 10
25 15
25 31
25 30
25 46
25 17
25 2
25 14
25 44
25 6
25 56
15 4
15 41
15 19
15 16
15 48
15 53
15 59
51 31
51 5
51 2
51 13
51 38
51 14
51 36
51 42
51 50
51 6
31 29
31 41
31 39
31 19
31 40
31 48
31 43
31 10
31 55
31 59
4 17
4 13
4 14
4 26
4 36
4 56
5 22
5 29
5 41
5 16
5 48
5 43
5 53
5 55
5 59
32 46
32 17
32 2
32 14
32 42
32 6
30 22
30 23
30 41
30 39
30 16
30 45
30 48
30 10
30 55
35 46
35 2
35 38
35 26
35 36
35 50
35 54
35 6
46 41
46 39
46 40
46 16
46 48
46 43
46 53
46 10
22 17
22 13
22 38
22 44
22 42
22 50
17 39
17 53
17 10
17 55
29 13
29 20
29 14
29 44
29 36
29 50
2 39
2 40
2 48
2 53
2 10
2 55
23 38
23 14
23 42
23 50
23 56
13 41
13 39
13 19
13 40
13 16
13 10
41 44
41 36
41 54
41 56
20 16
20 48
20 53
20 10
20 59
39 44
39 36
39 42
39 50
38 40
38 45
38 55
38 59
19 14
19 44
19 36
19 54
19 6
19 56
14 16
14 53
14 55
14 59
40 44
40 54
40 56
44 45
44 53
44 59
16 42
16 56
26 45
26 43
26 55
45 42
45 50
45 54
45 56
36 48
36 43
36 53
36 59
48 42
48 6
48 56
42 43
42 53
42 10
43 6
50 53
50 10
50 55
53 6
54 10
54 59
10 6
10 56
6 55
55 56
56 59
